,PassengerId,Survived,Pclass,Sex,Age,SibSp,Parch,Fare,Cabin,Embarked,Pclass_1,Pclass_2,Pclass_3,title,male,cabin_deck,Embarked_s,Embarked_q,Embarked_c,family_size,is_alone,is_child,is_senior
0,1,0,3,male,22.0,1,0,7.25,,S,0,0,1,Mr,1,6,1,0,0,2,0,0,0
1,2,1,1,female,38.0,1,0,71.2833,C85,C,1,0,0,Mrs,0,3,0,0,1,2,0,0,0
2,3,1,3,female,26.0,0,0,7.925,,S,0,0,1,Miss,0,6,1,0,0,1,1,0,0
3,4,1,1,female,35.0,1,0,53.1,C123,S,1,0,0,Mrs,0,3,1,0,0,2,0,0,0
4,5,0,3,male,35.0,0,0,8.05,,S,0,0,1,Mr,1,6,1,0,0,1,1,0,0
5,6,0,3,male,31.0,0,0,8.4583,,Q,0,0,1,Mr,1,6,0,1,0,1,1,0,0
6,7,0,1,male,54.0,0,0,51.8625,E46,S,1,0,0,Mr,1,5,1,0,0,1,1,0,1
7,8,0,3,male,2.0,3,1,21.075,,S,0,0,1,Master,1,7,1,0,0,5,0,1,0
8,9,1,3,female,27.0,0,2,11.1333,,S,0,0,1,Mrs,0,6,1,0,0,3,0,0,0
9,10,1,2,female,14.0,1,0,30.0708,,C,0,1,0,Mrs,0,5,0,0,1,2,0,1,0
10,11,1,3,female,4.0,1,1,16.7,G6,S,0,0,1,Miss,0,7,1,0,0,3,0,1,0
11,12,1,1,female,58.0,0,0,26.55,C103,S,1,0,0,Miss,0,3,1,0,0,1,1,0,1
12,13,0,3,male,20.0,0,0,8.05,,S,0,0,1,Mr,1,6,1,0,0,1,1,0,0
13,14,0,3,male,39.0,1,5,31.275,,S,0,0,1,Mr,1,7,1,0,0,7,0,0,0
14,15,0,3,female,14.0,0,0,7.8542,,S,0,0,1,Miss,0,6,1,0,0,1,1,1,0
15,16,1,2,female,55.0,0,0,16.0,,S,0,1,0,Mrs,0,5,1,0,0,1,1,0,1
16,17,0,3,male,2.0,4,1,29.125,,Q,0,0,1,Master,1,7,0,1,0,6,0,1,0
17,18,1,2,male,31.0,0,0,13.0,,S,0,1,0,Mr,1,4,1,0,0,1,1,0,0
18,19,0,3,female,31.0,1,0,18.0,,S,0,0,1,Mrs,0,6,1,0,0,2,0,0,0
19,20,1,3,female,28.0,0,0,7.225,,C,0,0,1,Mrs,0,6,0,0,1,1,1,0,0
20,21,0,2,male,35.0,0,0,26.0,,S,0,1,0,Mr,1,4,1,0,0,1,1,0,0
21,22,1,2,male,34.0,0,0,13.0,D56,S,0,1,0,Mr,1,4,1,0,0,1,1,0,0
22,23,1,3,female,15.0,0,0,8.0292,,Q,0,0,1,Miss,0,6,0,1,0,1,1,1,0
23,24,1,1,male,28.0,0,0,35.5,A6,S,1,0,0,Mr,1,1,1,0,0,1,1,0,0
24,25,0,3,female,8.0,3,1,21.075,,S,0,0,1,Miss,0,7,1,0,0,5,0,1,0
25,26,1,3,female,38.0,1,5,31.3875,,S,0,0,1,Mrs,0,7,1,0,0,7,0,0,0
26,27,0,3,male,31.0,0,0,7.225,,C,0,0,1,Mr,1,6,0,0,1,1,1,0,0
27,29,1,3,female,28.0,0,0,7.8792,,Q,0,0,1,Miss,0,6,0,1,0,1,1,0,0
28,30,0,3,male,31.0,0,0,7.8958,,S,0,0,1,Mr,1,6,1,0,0,1,1,0,0
29,31,0,1,male,40.0,0,0,27.7208,,C,1,0,0,Mr,1,3,0,0,1,1,1,0,0
30,32,1,1,female,28.0,1,0,146.5208,B78,C,1,0,0,Mrs,0,2,0,0,1,2,0,0,0
31,33,1,3,female,28.0,0,0,7.75,,Q,0,0,1,Miss,0,6,0,1,0,1,1,0,0
32,34,0,2,male,66.0,0,0,10.5,,S,0,1,0,Mr,1,4,1,0,0,1,1,0,1
33,35,0,1,male,28.0,1,0,82.1708,,C,1,0,0,Mr,1,3,0,0,1,2,0,0,0
34,36,0,1,male,42.0,1,0,52.0,,S,1,0,0,Mr,1,3,1,0,0,2,0,0,0
35,37,1,3,male,31.0,0,0,7.2292,,C,0,0,1,Mr,1,6,0,0,1,1,1,0,0
36,38,0,3,male,21.0,0,0,8.05,,S,0,0,1,Mr,1,6,1,0,0,1,1,0,0
37,39,0,3,female,18.0,2,0,18.0,,S,0,0,1,Miss,0,7,1,0,0,3,0,0,0
38,40,1,3,female,14.0,1,0,11.2417,,C,0,0,1,Miss,0,6,0,0,1,2,0,1,0
39,41,0,3,female,40.0,1,0,9.475,,S,0,0,1,Mrs,0,6,1,0,0,2,0,0,0
40,42,0,2,female,27.0,1,0,21.0,,S,0,1,0,Mrs,0,5,1,0,0,2,0,0,0
41,43,0,3,male,31.0,0,0,7.8958,,C,0,0,1,Mr,1,6,0,0,1,1,1,0,0
42,44,1,2,female,3.0,1,2,41.5792,,C,0,1,0,Miss,0,5,0,0,1,4,0,1,0
43,45,1,3,female,19.0,0,0,7.8792,,Q,0,0,1,Miss,0,6,0,1,0,1,1,0,0
44,46,0,3,male,31.0,0,0,8.05,,S,0,0,1,Mr,1,6,1,0,0,1,1,0,0
45,47,0,3,male,31.0,1,0,15.5,,Q,0,0,1,Mr,1,6,0,1,0,2,0,0,0
46,48,1,3,female,28.0,0,0,7.75,,Q,0,0,1,Miss,0,6,0,1,0,1,1,0,0
47,49,0,3,male,31.0,2,0,21.6792,,C,0,0,1,Mr,1,7,0,0,1,3,0,0,0
48,50,0,3,female,18.0,1,0,17.8,,S,0,0,1,Mrs,0,6,1,0,0,2,0,0,0
49,51,0,3,male,7.0,4,1,39.6875,,S,0,0,1,Master,1,7,1,0,0,6,0,1,0
50,52,0,3,male,21.0,0,0,7.8,,S,0,0,1,Mr,1,6,1,0,0,1,1,0,0
51,53,1,1,female,49.0,1,0,76.7292,D33,C,1,0,0,Mrs,0,4,0,0,1,2,0,0,0
52,54,1,2,female,29.0,1,0,26.0,,S,0,1,0,Mrs,0,5,1,0,0,2,0,0,0
53,55,0,1,male,65.0,0,1,61.9792,B30,C,1,0,0,Mr,1,2,0,0,1,2,0,0,1
54,56,1,1,male,31.0,0,0,35.5,C52,S,1,0,0,Mr,1,3,1,0,0,1,1,0,0
55,57,1,2,female,21.0,0,0,10.5,,S,0,1,0,Miss,0,5,1,0,0,1,1,0,0
56,58,0,3,male,28.5,0,0,7.2292,,C,0,0,1,Mr,1,6,0,0,1,1,1,0,0
57,59,1,2,female,5.0,1,2,27.75,,S,0,1,0,Miss,0,5,1,0,0,4,0,1,0
58,60,0,3,male,11.0,5,2,46.9,,S,0,0,1,Master,1,8,1,0,0,8,0,1,0
59,61,0,3,male,22.0,0,0,7.2292,,C,0,0,1,Mr,1,6,0,0,1,1,1,0,0
60,62,1,1,female,38.0,0,0,80.0,B28,S,1,0,0,Miss,0,2,1,0,0,1,1,0,0
61,63,0,1,male,45.0,1,0,83.475,C83,S,1,0,0,Mr,1,3,1,0,0,2,0,0,0
62,64,0,3,male,4.0,3,2,27.9,,S,0,0,1,Master,1,7,1,0,0,6,0,1,0
63,65,0,1,male,31.0,0,0,27.7208,,C,1,0,0,Mr,1,3,0,0,1,1,1,0,0
64,66,1,3,male,31.0,1,1,15.2458,,C,0,0,1,Master,1,6,0,0,1,3,0,0,0
65,67,1,2,female,29.0,0,0,10.5,F33,S,0,1,0,Mrs,0,6,1,0,0,1,1,0,0
66,68,0,3,male,19.0,0,0,8.1583,,S,0,0,1,Mr,1,6,1,0,0,1,1,0,0
67,69,1,3,female,17.0,4,2,7.925,,S,0,0,1,Miss,0,8,1,0,0,7,0,0,0
68,70,0,3,male,26.0,2,0,8.6625,,S,0,0,1,Mr,1,7,1,0,0,3,0,0,0
69,71,0,2,male,32.0,0,0,10.5,,S,0,1,0,Mr,1,5,1,0,0,1,1,0,0
70,72,0,3,female,16.0,5,2,46.9,,S,0,0,1,Miss,0,8,1,0,0,8,0,1,0
71,73,0,2,male,21.0,0,0,73.5,,S,0,1,0,Mr,1,4,1,0,0,1,1,0,0
72,74,0,3,male,26.0,1,0,14.4542,,C,0,0,1,Mr,1,6,0,0,1,2,0,0,0
73,75,1,3,male,32.0,0,0,56.4958,,S,0,0,1,Mr,1,6,1,0,0,1,1,0,0
74,76,0,3,male,25.0,0,0,7.65,F G73,S,0,0,1,Mr,1,6,1,0,0,1,1,0,0
75,77,0,3,male,31.0,0,0,7.8958,,S,0,0,1,Mr,1,6,1,0,0,1,1,0,0
76,78,0,3,male,31.0,0,0,8.05,,S,0,0,1,Mr,1,6,1,0,0,1,1,0,0
77,79,1,2,male,0.83,0,2,29.0,,S,0,1,0,Master,1,5,1,0,0,3,0,1,0
78,80,1,3,female,30.0,0,0,12.475,,S,0,0,1,Miss,0,6,1,0,0,1,1,0,0
79,81,0,3,male,22.0,0,0,9.0,,S,0,0,1,Mr,1,6,1,0,0,1,1,0,0
80,82,1,3,male,29.0,0,0,9.5,,S,0,0,1,Mr,1,6,1,0,0,1,1,0,0
81,83,1,3,female,28.0,0,0,7.7875,,Q,0,0,1,Miss,0,6,0,1,0,1,1,0,0
82,84,0,1,male,28.0,0,0,47.1,,S,1,0,0,Mr,1,3,1,0,0,1,1,0,0
83,85,1,2,female,17.0,0,0,10.5,,S,0,1,0,Miss,0,5,1,0,0,1,1,0,0
84,86,1,3,female,33.0,3,0,15.85,,S,0,0,1,Mrs,0,7,1,0,0,4,0,0,0
85,87,0,3,male,16.0,1,3,34.375,,S,0,0,1,Mr,1,6,1,0,0,5,0,1,0
86,88,0,3,male,31.0,0,0,8.05,,S,0,0,1,Mr,1,6,1,0,0,1,1,0,0
87,90,0,3,male,24.0,0,0,8.05,,S,0,0,1,Mr,1,6,1,0,0,1,1,0,0
88,91,0,3,male,29.0,0,0,8.05,,S,0,0,1,Mr,1,6,1,0,0,1,1,0,0
89,92,0,3,male,20.0,0,0,7.8542,,S,0,0,1,Mr,1,6,1,0,0,1,1,0,0
90,93,0,1,male,46.0,1,0,61.175,E31,S,1,0,0,Mr,1,5,1,0,0,2,0,0,0
91,94,0,3,male,26.0,1,2,20.575,,S,0,0,1,Mr,1,6,1,0,0,4,0,0,0
92,95,0,3,male,59.0,0,0,7.25,,S,0,0,1,Mr,1,6,1,0,0,1,1,0,1
93,96,0,3,male,31.0,0,0,8.05,,S,0,0,1,Mr,1,6,1,0,0,1,1,0,0
94,97,0,1,male,71.0,0,0,34.6542,A5,C,1,0,0,Mr,1,1,0,0,1,1,1,0,1
95,98,1,1,male,23.0,0,1,63.3583,D10 D12,C,1,0,0,Mr,1,4,0,0,1,2,0,0,0
96,99,1,2,female,34.0,0,1,23.0,,S,0,1,0,Mrs,0,5,1,0,0,2,0,0,0
97,100,0,2,male,34.0,1,0,26.0,,S,0,1,0,Mr,1,5,1,0,0,2,0,0,0
98,101,0,3,female,28.0,0,0,7.8958,,S,0,0,1,Miss,0,6,1,0,0,1,1,0,0
99,102,0,3,male,31.0,0,0,7.8958,,S,0,0,1,Mr,1,6,1,0,0,1,1,0,0
100,103,0,1,male,21.0,0,1,77.2875,D26,S,1,0,0,Mr,1,4,1,0,0,2,0,0,0
101,104,0,3,male,33.0,0,0,8.6542,,S,0,0,1,Mr,1,6,1,0,0,1,1,0,0
102,105,0,3,male,37.0,2,0,7.925,,S,0,0,1,Mr,1,7,1,0,0,3,0,0,0
103,106,0,3,male,28.0,0,0,7.8958,,S,0,0,1,Mr,1,6,1,0,0,1,1,0,0
104,107,1,3,female,21.0,0,0,7.65,,S,0,0,1,Miss,0,6,1,0,0,1,1,0,0
105,108,1,3,male,31.0,0,0,7.775,,S,0,0,1,Mr,1,6,1,0,0,1,1,0,0
106,109,0,3,male,38.0,0,0,7.8958,,S,0,0,1,Mr,1,6,1,0,0,1,1,0,0
107,110,1,3,female,28.0,1,0,24.15,,Q,0,0,1,Miss,0,6,0,1,0,2,0,0,0
108,111,0,1,male,47.0,0,0,52.0,C110,S,1,0,0,Mr,1,3,1,0,0,1,1,0,0
109,112,0,3,female,14.5,1,0,14.4542,,C,0,0,1,Miss,0,6,0,0,1,2,0,1,0
110,113,0,3,male,22.0,0,0,8.05,,S,0,0,1,Mr,1,6,1,0,0,1,1,0,0
111,114,0,3,female,20.0,1,0,9.825,,S,0,0,1,Miss,0,6,1,0,0,2,0,0,0
112,115,0,3,female,17.0,0,0,14.4583,,C,0,0,1,Miss,0,6,0,0,1,1,1,0,0
113,116,0,3,male,21.0,0,0,7.925,,S,0,0,1,Mr,1,6,1,0,0,1,1,0,0
114,117,0,3,male,70.5,0,0,7.75,,Q,0,0,1,Mr,1,6,0,1,0,1,1,0,1
115,118,0,2,male,29.0,1,0,21.0,,S,0,1,0,Mr,1,5,1,0,0,2,0,0,0
116,120,0,3,female,2.0,4,2,31.275,,S,0,0,1,Miss,0,8,1,0,0,7,0,1,0
117,121,0,2,male,21.0,2,0,73.5,,S,0,1,0,Mr,1,5,1,0,0,3,0,0,0
118,122,0,3,male,31.0,0,0,8.05,,S,0,0,1,Mr,1,6,1,0,0,1,1,0,0
119,123,0,2,male,32.5,1,0,30.0708,,C,0,1,0,Mr,1,5,0,0,1,2,0,0,0
120,124,1,2,female,32.5,0,0,13.0,E101,S,0,1,0,Miss,0,5,1,0,0,1,1,0,0
121,125,0,1,male,54.0,0,1,77.2875,D26,S,1,0,0,Mr,1,4,1,0,0,2,0,0,1
122,126,1,3,male,12.0,1,0,11.2417,,C,0,0,1,Master,1,6,0,0,1,2,0,1,0
123,127,0,3,male,31.0,0,0,7.75,,Q,0,0,1,Mr,1,6,0,1,0,1,1,0,0
124,128,1,3,male,24.0,0,0,7.1417,,S,0,0,1,Mr,1,6,1,0,0,1,1,0,0
125,129,1,3,female,28.0,1,1,22.3583,F E69,C,0,0,1,Miss,0,6,0,0,1,3,0,0,0
126,130,0,3,male,45.0,0,0,6.975,,S,0,0,1,Mr,1,6,1,0,0,1,1,0,0
127,131,0,3,male,33.0,0,0,7.8958,,C,0,0,1,Mr,1,6,0,0,1,1,1,0,0
128,132,0,3,male,20.0,0,0,7.05,,S,0,0,1,Mr,1,6,1,0,0,1,1,0,0
129,133,0,3,female,47.0,1,0,14.5,,S,0,0,1,Mrs,0,6,1,0,0,2,0,0,0
130,134,1,2,female,29.0,1,0,26.0,,S,0,1,0,Mrs,0,5,1,0,0,2,0,0,0
131,135,0,2,male,25.0,0,0,13.0,,S,0,1,0,Mr,1,4,1,0,0,1,1,0,0
132,136,0,2,male,23.0,0,0,15.0458,,C,0,1,0,Mr,1,4,0,0,1,1,1,0,0
133,137,1,1,female,19.0,0,2,26.2833,D47,S,1,0,0,Miss,0,4,1,0,0,3,0,0,0
134,138,0,1,male,37.0,1,0,53.1,C123,S,1,0,0,Mr,1,3,1,0,0,2,0,0,0
135,139,0,3,male,16.0,0,0,9.2167,,S,0,0,1,Mr,1,6,1,0,0,1,1,1,0
136,140,0,1,male,24.0,0,0,79.2,B86,C,1,0,0,Mr,1,2,0,0,1,1,1,0,0
137,141,0,3,female,28.0,0,2,15.2458,,C,0,0,1,Mrs,0,6,0,0,1,3,0,0,0
138,142,1,3,female,22.0,0,0,7.75,,S,0,0,1,Miss,0,6,1,0,0,1,1,0,0
139,143,1,3,female,24.0,1,0,15.85,,S,0,0,1,Mrs,0,6,1,0,0,2,0,0,0
140,144,0,3,male,19.0,0,0,6.75,,Q,0,0,1,Mr,1,6,0,1,0,1,1,0,0
141,145,0,2,male,18.0,0,0,11.5,,S,0,1,0,Mr,1,5,1,0,0,1,1,0,0
142,146,0,2,male,19.0,1,1,36.75,,S,0,1,0,Mr,1,5,1,0,0,3,0,0,0
143,147,1,3,male,27.0,0,0,7.7958,,S,0,0,1,Mr,1,6,1,0,0,1,1,0,0
144,148,0,3,female,9.0,2,2,34.375,,S,0,0,1,Miss,0,7,1,0,0,5,0,1,0
145,149,0,2,male,36.5,0,2,26.0,F2,S,0,1,0,Mr,1,6,1,0,0,3,0,0,0
146,150,0,2,male,42.0,0,0,13.0,,S,0,1,0,Rev,1,4,1,0,0,1,1,0,0
147,151,0,2,male,51.0,0,0,12.525,,S,0,1,0,Rev,1,4,1,0,0,1,1,0,1
148,152,1,1,female,22.0,1,0,66.6,C2,S,1,0,0,Mrs,0,3,1,0,0,2,0,0,0
149,153,0,3,male,55.5,0,0,8.05,,S,0,0,1,Mr,1,6,1,0,0,1,1,0,1
150,154,0,3,male,40.5,0,2,14.5,,S,0,0,1,Mr,1,6,1,0,0,3,0,0,0
151,155,0,3,male,31.0,0,0,7.3125,,S,0,0,1,Mr,1,6,1,0,0,1,1,0,0
152,156,0,1,male,51.0,0,1,61.3792,,C,1,0,0,Mr,1,3,0,0,1,2,0,0,1
153,157,1,3,female,16.0,0,0,7.7333,,Q,0,0,1,Miss,0,6,0,1,0,1,1,1,0
154,158,0,3,male,30.0,0,0,8.05,,S,0,0,1,Mr,1,6,1,0,0,1,1,0,0
155,159,0,3,male,31.0,0,0,8.6625,,S,0,0,1,Mr,1,6,1,0,0,1,1,0,0
156,160,0,3,male,31.0,8,2,69.55,,S,0,0,1,Master,1,8,1,0,0,11,0,0,0
157,161,0,3,male,44.0,0,1,16.1,,S,0,0,1,Mr,1,6,1,0,0,2,0,0,0
158,162,1,2,female,40.0,0,0,15.75,,S,0,1,0,Mrs,0,5,1,0,0,1,1,0,0
159,163,0,3,male,26.0,0,0,7.775,,S,0,0,1,Mr,1,6,1,0,0,1,1,0,0
160,164,0,3,male,17.0,0,0,8.6625,,S,0,0,1,Mr,1,6,1,0,0,1,1,0,0
161,165,0,3,male,1.0,4,1,39.6875,,S,0,0,1,Master,1,7,1,0,0,6,0,1,0
162,166,1,3,male,9.0,0,2,20.525,,S,0,0,1,Master,1,6,1,0,0,3,0,1,0
163,167,1,1,female,28.0,0,1,55.0,E33,S,1,0,0,Mrs,0,5,1,0,0,2,0,0,0
164,168,0,3,female,45.0,1,4,27.9,,S,0,0,1,Mrs,0,7,1,0,0,6,0,0,0
165,169,0,1,male,31.0,0,0,25.925,,S,1,0,0,Mr,1,3,1,0,0,1,1,0,0
166,170,0,3,male,28.0,0,0,56.4958,,S,0,0,1,Mr,1,6,1,0,0,1,1,0,0
167,171,0,1,male,61.0,0,0,33.5,B19,S,1,0,0,Mr,1,2,1,0,0,1,1,0,1
168,172,0,3,male,4.0,4,1,29.125,,Q,0,0,1,Master,1,7,0,1,0,6,0,1,0
169,173,1,3,female,1.0,1,1,11.1333,,S,0,0,1,Miss,0,7,1,0,0,3,0,1,0
170,174,0,3,male,21.0,0,0,7.925,,S,0,0,1,Mr,1,6,1,0,0,1,1,0,0
171,175,0,1,male,56.0,0,0,30.6958,A7,C,1,0,0,Mr,1,1,0,0,1,1,1,0,1
172,176,0,3,male,18.0,1,1,7.8542,,S,0,0,1,Mr,1,6,1,0,0,3,0,0,0
173,177,0,3,male,31.0,3,1,25.4667,,S,0,0,1,Master,1,7,1,0,0,5,0,0,0
174,178,0,1,female,50.0,0,0,28.7125,C49,C,1,0,0,Miss,0,3,0,0,1,1,1,0,1
175,179,0,2,male,30.0,0,0,13.0,,S,0,1,0,Mr,1,4,1,0,0,1,1,0,0
176,180,0,3,male,36.0,0,0,0.0,,S,0,0,1,Mr,1,6,1,0,0,1,1,0,0
177,181,0,3,female,28.0,8,2,69.55,,S,0,0,1,Miss,0,8,1,0,0,11,0,0,0
178,182,0,2,male,31.0,0,0,15.05,,C,0,1,0,Mr,1,4,0,0,1,1,1,0,0
179,183,0,3,male,9.0,4,2,31.3875,,S,0,0,1,Master,1,7,1,0,0,7,0,1,0
180,184,1,2,male,1.0,2,1,39.0,F4,S,0,1,0,Master,1,6,1,0,0,4,0,1,0
181,185,1,3,female,4.0,0,2,22.025,,S,0,0,1,Miss,0,6,1,0,0,3,0,1,0
182,186,0,1,male,31.0,0,0,50.0,A32,S,1,0,0,Mr,1,1,1,0,0,1,1,0,0
183,187,1,3,female,28.0,1,0,15.5,,Q,0,0,1,Mrs,0,6,0,1,0,2,0,0,0
184,188,1,1,male,45.0,0,0,26.55,,S,1,0,0,Mr,1,3,1,0,0,1,1,0,0
185,189,0,3,male,40.0,1,1,15.5,,Q,0,0,1,Mr,1,6,0,1,0,3,0,0,0
186,190,0,3,male,36.0,0,0,7.8958,,S,0,0,1,Mr,1,6,1,0,0,1,1,0,0
187,191,1,2,female,32.0,0,0,13.0,,S,0,1,0,Mrs,0,5,1,0,0,1,1,0,0
188,192,0,2,male,19.0,0,0,13.0,,S,0,1,0,Mr,1,4,1,0,0,1,1,0,0
189,193,1,3,female,19.0,1,0,7.8542,,S,0,0,1,Miss,0,6,1,0,0,2,0,0,0
190,194,1,2,male,3.0,1,1,26.0,F2,S,0,1,0,Master,1,6,1,0,0,3,0,1,0
191,195,1,1,female,44.0,0,0,27.7208,B4,C,1,0,0,Mrs,0,2,0,0,1,1,1,0,0
192,196,1,1,female,58.0,0,0,146.5208,B80,C,1,0,0,Miss,0,2,0,0,1,1,1,0,1
193,197,0,3,male,31.0,0,0,7.75,,Q,0,0,1,Mr,1,6,0,1,0,1,1,0,0
194,198,0,3,male,42.0,0,1,8.4042,,S,0,0,1,Mr,1,6,1,0,0,2,0,0,0
195,199,1,3,female,28.0,0,0,7.75,,Q,0,0,1,Miss,0,6,0,1,0,1,1,0,0
196,200,0,2,female,24.0,0,0,13.0,,S,0,1,0,Miss,0,5,1,0,0,1,1,0,0
197,201,0,3,male,28.0,0,0,9.5,,S,0,0,1,Mr,1,6,1,0,0,1,1,0,0
198,202,0,3,male,31.0,8,2,69.55,,S,0,0,1,Mr,1,8,1,0,0,11,0,0,0
199,203,0,3,male,34.0,0,0,6.4958,,S,0,0,1,Mr,1,6,1,0,0,1,1,0,0
200,204,0,3,male,45.5,0,0,7.225,,C,0,0,1,Mr,1,6,0,0,1,1,1,0,0
201,205,1,3,male,18.0,0,0,8.05,,S,0,0,1,Mr,1,6,1,0,0,1,1,0,0
202,206,0,3,female,2.0,0,1,10.4625,G6,S,0,0,1,Miss,0,7,1,0,0,2,0,1,0
203,207,0,3,male,32.0,1,0,15.85,,S,0,0,1,Mr,1,6,1,0,0,2,0,0,0
204,208,1,3,male,26.0,0,0,18.7875,,C,0,0,1,Mr,1,6,0,0,1,1,1,0,0
205,209,1,3,female,16.0,0,0,7.75,,Q,0,0,1,Miss,0,6,0,1,0,1,1,1,0
206,210,1,1,male,40.0,0,0,31.0,A31,C,1,0,0,Mr,1,1,0,0,1,1,1,0,0
207,211,0,3,male,24.0,0,0,7.05,,S,0,0,1,Mr,1,6,1,0,0,1,1,0,0
208,212,1,2,female,35.0,0,0,21.0,,S,0,1,0,Miss,0,5,1,0,0,1,1,0,0
209,213,0,3,male,22.0,0,0,7.25,,S,0,0,1,Mr,1,6,1,0,0,1,1,0,0
210,214,0,2,male,30.0,0,0,13.0,,S,0,1,0,Mr,1,4,1,0,0,1,1,0,0
211,215,0,3,male,31.0,1,0,7.75,,Q,0,0,1,Mr,1,6,0,1,0,2,0,0,0
212,216,1,1,female,31.0,1,0,113.275,D36,C,1,0,0,Miss,0,4,0,0,1,2,0,0,0
213,217,1,3,female,27.0,0,0,7.925,,S,0,0,1,Miss,0,6,1,0,0,1,1,0,0
214,218,0,2,male,42.0,1,0,27.0,,S,0,1,0,Mr,1,5,1,0,0,2,0,0,0
215,219,1,1,female,32.0,0,0,76.2917,D15,C,1,0,0,Miss,0,4,0,0,1,1,1,0,0
216,220,0,2,male,30.0,0,0,10.5,,S,0,1,0,Mr,1,5,1,0,0,1,1,0,0
217,221,1,3,male,16.0,0,0,8.05,,S,0,0,1,Mr,1,6,1,0,0,1,1,1,0
218,222,0,2,male,27.0,0,0,13.0,,S,0,1,0,Mr,1,4,1,0,0,1,1,0,0
219,223,0,3,male,51.0,0,0,8.05,,S,0,0,1,Mr,1,6,1,0,0,1,1,0,1
220,224,0,3,male,31.0,0,0,7.8958,,S,0,0,1,Mr,1,6,1,0,0,1,1,0,0
221,225,1,1,male,38.0,1,0,90.0,C93,S,1,0,0,Mr,1,3,1,0,0,2,0,0,0
222,226,0,3,male,22.0,0,0,9.35,,S,0,0,1,Mr,1,6,1,0,0,1,1,0,0
223,227,1,2,male,19.0,0,0,10.5,,S,0,1,0,Mr,1,5,1,0,0,1,1,0,0
224,228,0,3,male,20.5,0,0,7.25,,S,0,0,1,Mr,1,6,1,0,0,1,1,0,0
225,229,0,2,male,18.0,0,0,13.0,,S,0,1,0,Mr,1,4,1,0,0,1,1,0,0
226,230,0,3,female,28.0,3,1,25.4667,,S,0,0,1,Miss,0,7,1,0,0,5,0,0,0
227,231,1,1,female,35.0,1,0,83.475,C83,S,1,0,0,Mrs,0,3,1,0,0,2,0,0,0
228,232,0,3,male,29.0,0,0,7.775,,S,0,0,1,Mr,1,6,1,0,0,1,1,0,0
229,233,0,2,male,59.0,0,0,13.5,,S,0,1,0,Mr,1,4,1,0,0,1,1,0,1
230,234,1,3,female,5.0,4,2,31.3875,,S,0,0,1,Miss,0,8,1,0,0,7,0,1,0
231,235,0,2,male,24.0,0,0,10.5,,S,0,1,0,Mr,1,5,1,0,0,1,1,0,0
232,236,0,3,female,28.0,0,0,7.55,,S,0,0,1,Miss,0,6,1,0,0,1,1,0,0
233,237,0,2,male,44.0,1,0,26.0,,S,0,1,0,Mr,1,5,1,0,0,2,0,0,0
234,238,1,2,female,8.0,0,2,26.25,,S,0,1,0,Miss,0,5,1,0,0,3,0,1,0
235,239,0,2,male,19.0,0,0,10.5,,S,0,1,0,Mr,1,5,1,0,0,1,1,0,0
236,240,0,2,male,33.0,0,0,12.275,,S,0,1,0,Mr,1,4,1,0,0,1,1,0,0
237,241,0,3,female,28.0,1,0,14.4542,,C,0,0,1,Miss,0,6,0,0,1,2,0,0,0
238,242,1,3,female,28.0,1,0,15.5,,Q,0,0,1,Miss,0,6,0,1,0,2,0,0,0
239,243,0,2,male,29.0,0,0,10.5,,S,0,1,0,Mr,1,5,1,0,0,1,1,0,0
240,244,0,3,male,22.0,0,0,7.125,,S,0,0,1,Mr,1,6,1,0,0,1,1,0,0
241,245,0,3,male,30.0,0,0,7.225,,C,0,0,1,Mr,1,6,0,0,1,1,1,0,0
242,246,0,1,male,44.0,2,0,90.0,C78,Q,1,0,0,Dr,1,3,0,1,0,3,0,0,0
243,247,0,3,female,25.0,0,0,7.775,,S,0,0,1,Miss,0,6,1,0,0,1,1,0,0
244,248,1,2,female,24.0,0,2,14.5,,S,0,1,0,Mrs,0,5,1,0,0,3,0,0,0
245,249,1,1,male,37.0,1,1,52.5542,D35,S,1,0,0,Mr,1,4,1,0,0,3,0,0,0
246,250,0,2,male,54.0,1,0,26.0,,S,0,1,0,Rev,1,5,1,0,0,2,0,0,1
247,251,0,3,male,31.0,0,0,7.25,,S,0,0,1,Mr,1,6,1,0,0,1,1,0,0
248,252,0,3,female,29.0,1,1,10.4625,G6,S,0,0,1,Mrs,0,7,1,0,0,3,0,0,0
249,253,0,1,male,62.0,0,0,26.55,C87,S,1,0,0,Mr,1,3,1,0,0,1,1,0,1
250,254,0,3,male,30.0,1,0,16.1,,S,0,0,1,Mr,1,6,1,0,0,2,0,0,0
251,255,0,3,female,41.0,0,2,20.2125,,S,0,0,1,Mrs,0,6,1,0,0,3,0,0,0
252,256,1,3,female,29.0,0,2,15.2458,,C,0,0,1,Mrs,0,6,0,0,1,3,0,0,0
253,257,1,1,female,28.0,0,0,79.2,,C,1,0,0,Mrs,0,3,0,0,1,1,1,0,0
254,258,1,1,female,30.0,0,0,86.5,B77,S,1,0,0,Miss,0,2,1,0,0,1,1,0,0
255,260,1,2,female,50.0,0,1,26.0,,S,0,1,0,Mrs,0,5,1,0,0,2,0,0,1
256,261,0,3,male,31.0,0,0,7.75,,Q,0,0,1,Mr,1,6,0,1,0,1,1,0,0
257,262,1,3,male,3.0,4,2,31.3875,,S,0,0,1,Master,1,7,1,0,0,7,0,1,0
258,263,0,1,male,52.0,1,1,79.65,E67,S,1,0,0,Mr,1,5,1,0,0,3,0,0,1
259,264,0,1,male,40.0,0,0,0.0,B94,S,1,0,0,Mr,1,2,1,0,0,1,1,0,0
260,265,0,3,female,28.0,0,0,7.75,,Q,0,0,1,Miss,0,6,0,1,0,1,1,0,0
261,266,0,2,male,36.0,0,0,10.5,,S,0,1,0,Mr,1,5,1,0,0,1,1,0,0
262,267,0,3,male,16.0,4,1,39.6875,,S,0,0,1,Mr,1,7,1,0,0,6,0,1,0
263,268,1,3,male,25.0,1,0,7.775,,S,0,0,1,Mr,1,6,1,0,0,2,0,0,0
264,269,1,1,female,58.0,0,1,153.4625,C125,S,1,0,0,Mrs,0,3,1,0,0,2,0,0,1
265,270,1,1,female,35.0,0,0,135.6333,C99,S,1,0,0,Miss,0,3,1,0,0,1,1,0,0
266,271,0,1,male,31.0,0,0,31.0,,S,1,0,0,Mr,1,3,1,0,0,1,1,0,0
267,272,1,3,male,25.0,0,0,0.0,,S,0,0,1,Mr,1,6,1,0,0,1,1,0,0
268,273,1,2,female,41.0,0,1,19.5,,S,0,1,0,Mrs,0,5,1,0,0,2,0,0,0
269,274,0,1,male,37.0,0,1,29.7,C118,C,1,0,0,Mr,1,3,0,0,1,2,0,0,0
270,275,1,3,female,28.0,0,0,7.75,,Q,0,0,1,Miss,0,6,0,1,0,1,1,0,0
271,276,1,1,female,63.0,1,0,77.9583,D7,S,1,0,0,Miss,0,4,1,0,0,2,0,0,1
272,277,0,3,female,45.0,0,0,7.75,,S,0,0,1,Miss,0,6,1,0,0,1,1,0,0
273,278,0,2,male,31.0,0,0,0.0,,S,0,1,0,Mr,1,5,1,0,0,1,1,0,0
274,279,0,3,male,7.0,4,1,29.125,,Q,0,0,1,Master,1,7,0,1,0,6,0,1,0
275,280,1,3,female,35.0,1,1,20.25,,S,0,0,1,Mrs,0,7,1,0,0,3,0,0,0
276,281,0,3,male,65.0,0,0,7.75,,Q,0,0,1,Mr,1,6,0,1,0,1,1,0,1
277,282,0,3,male,28.0,0,0,7.8542,,S,0,0,1,Mr,1,6,1,0,0,1,1,0,0
278,283,0,3,male,16.0,0,0,9.5,,S,0,0,1,Mr,1,6,1,0,0,1,1,1,0
279,284,1,3,male,19.0,0,0,8.05,,S,0,0,1,Mr,1,6,1,0,0,1,1,0,0
280,285,0,1,male,31.0,0,0,26.0,A19,S,1,0,0,Mr,1,1,1,0,0,1,1,0,0
281,286,0,3,male,33.0,0,0,8.6625,,C,0,0,1,Mr,1,6,0,0,1,1,1,0,0
282,287,1,3,male,30.0,0,0,9.5,,S,0,0,1,Mr,1,6,1,0,0,1,1,0,0
283,288,0,3,male,22.0,0,0,7.8958,,S,0,0,1,Mr,1,6,1,0,0,1,1,0,0
284,289,1,2,male,42.0,0,0,13.0,,S,0,1,0,Mr,1,4,1,0,0,1,1,0,0
285,290,1,3,female,22.0,0,0,7.75,,Q,0,0,1,Miss,0,6,0,1,0,1,1,0,0
286,291,1,1,female,26.0,0,0,78.85,,S,1,0,0,Miss,0,3,1,0,0,1,1,0,0
287,292,1,1,female,19.0,1,0,91.0792,B49,C,1,0,0,Mrs,0,2,0,0,1,2,0,0,0
288,293,0,2,male,36.0,0,0,12.875,D,C,0,1,0,Mr,1,4,0,0,1,1,1,0,0
289,294,0,3,female,24.0,0,0,8.85,,S,0,0,1,Miss,0,6,1,0,0,1,1,0,0
290,295,0,3,male,24.0,0,0,7.8958,,S,0,0,1,Mr,1,6,1,0,0,1,1,0,0
291,296,0,1,male,31.0,0,0,27.7208,,C,1,0,0,Mr,1,3,0,0,1,1,1,0,0
292,297,0,3,male,23.5,0,0,7.2292,,C,0,0,1,Mr,1,6,0,0,1,1,1,0,0
293,298,0,1,female,2.0,1,2,151.55,C22 C26,S,1,0,0,Miss,0,3,1,0,0,4,0,1,0
294,299,1,1,male,31.0,0,0,30.5,C106,S,1,0,0,Mr,1,3,1,0,0,1,1,0,0
295,301,1,3,female,28.0,0,0,7.75,,Q,0,0,1,Miss,0,6,0,1,0,1,1,0,0
296,302,1,3,male,31.0,2,0,23.25,,Q,0,0,1,Mr,1,7,0,1,0,3,0,0,0
297,303,0,3,male,19.0,0,0,0.0,,S,0,0,1,Mr,1,6,1,0,0,1,1,0,0
298,304,1,2,female,28.0,0,0,12.35,E101,Q,0,1,0,Miss,0,5,0,1,0,1,1,0,0
299,305,0,3,male,31.0,0,0,8.05,,S,0,0,1,Mr,1,6,1,0,0,1,1,0,0
300,306,1,1,male,0.92,1,2,151.55,C22 C26,S,1,0,0,Master,1,3,1,0,0,4,0,1,0
301,307,1,1,female,28.0,0,0,110.8833,,C,1,0,0,Miss,0,3,0,0,1,1,1,0,0
302,308,1,1,female,17.0,1,0,108.9,C65,C,1,0,0,Mrs,0,3,0,0,1,2,0,0,0
303,309,0,2,male,30.0,1,0,24.0,,C,0,1,0,Mr,1,5,0,0,1,2,0,0,0
304,310,1,1,female,30.0,0,0,56.9292,E36,C,1,0,0,Miss,0,5,0,0,1,1,1,0,0
305,311,1,1,female,24.0,0,0,83.1583,C54,C,1,0,0,Miss,0,3,0,0,1,1,1,0,0
306,313,0,2,female,26.0,1,1,26.0,,S,0,1,0,Mrs,0,5,1,0,0,3,0,0,0
307,314,0,3,male,28.0,0,0,7.8958,,S,0,0,1,Mr,1,6,1,0,0,1,1,0,0
308,315,0,2,male,43.0,1,1,26.25,,S,0,1,0,Mr,1,5,1,0,0,3,0,0,0
309,316,1,3,female,26.0,0,0,7.8542,,S,0,0,1,Miss,0,6,1,0,0,1,1,0,0
310,317,1,2,female,24.0,1,0,26.0,,S,0,1,0,Mrs,0,5,1,0,0,2,0,0,0
311,318,0,2,male,54.0,0,0,14.0,,S,0,1,0,Dr,1,4,1,0,0,1,1,0,1
312,319,1,1,female,31.0,0,2,164.8667,C7,S,1,0,0,Miss,0,3,1,0,0,3,0,0,0
313,320,1,1,female,40.0,1,1,134.5,E34,C,1,0,0,Mrs,0,5,0,0,1,3,0,0,0
314,321,0,3,male,22.0,0,0,7.25,,S,0,0,1,Mr,1,6,1,0,0,1,1,0,0
315,322,0,3,male,27.0,0,0,7.8958,,S,0,0,1,Mr,1,6,1,0,0,1,1,0,0
316,323,1,2,female,30.0,0,0,12.35,,Q,0,1,0,Miss,0,5,0,1,0,1,1,0,0
317,324,1,2,female,22.0,1,1,29.0,,S,0,1,0,Mrs,0,5,1,0,0,3,0,0,0
318,325,0,3,male,31.0,8,2,69.55,,S,0,0,1,Mr,1,8,1,0,0,11,0,0,0
319,326,1,1,female,36.0,0,0,135.6333,C32,C,1,0,0,Miss,0,3,0,0,1,1,1,0,0
320,327,0,3,male,61.0,0,0,6.2375,,S,0,0,1,Mr,1,6,1,0,0,1,1,0,1
321,328,1,2,female,36.0,0,0,13.0,D,S,0,1,0,Mrs,0,4,1,0,0,1,1,0,0
322,329,1,3,female,31.0,1,1,20.525,,S,0,0,1,Mrs,0,7,1,0,0,3,0,0,0
323,330,1,1,female,16.0,0,1,57.9792,B18,C,1,0,0,Miss,0,2,0,0,1,2,0,1,0
324,331,1,3,female,28.0,2,0,23.25,,Q,0,0,1,Miss,0,7,0,1,0,3,0,0,0
325,332,0,1,male,45.5,0,0,28.5,C124,S,1,0,0,Mr,1,3,1,0,0,1,1,0,0
326,333,0,1,male,38.0,0,1,153.4625,C91,S,1,0,0,Mr,1,3,1,0,0,2,0,0,0
327,334,0,3,male,16.0,2,0,18.0,,S,0,0,1,Mr,1,7,1,0,0,3,0,1,0
328,335,1,1,female,28.0,1,0,133.65,,S,1,0,0,Mrs,0,3,1,0,0,2,0,0,0
329,336,0,3,male,31.0,0,0,7.8958,,S,0,0,1,Mr,1,6,1,0,0,1,1,0,0
330,337,0,1,male,29.0,1,0,66.6,C2,S,1,0,0,Mr,1,3,1,0,0,2,0,0,0
331,338,1,1,female,41.0,0,0,134.5,E40,C,1,0,0,Miss,0,5,0,0,1,1,1,0,0
332,339,1,3,male,45.0,0,0,8.05,,S,0,0,1,Mr,1,6,1,0,0,1,1,0,0
333,340,0,1,male,45.0,0,0,35.5,T,S,1,0,0,Mr,1,8,1,0,0,1,1,0,0
334,341,1,2,male,2.0,1,1,26.0,F2,S,0,1,0,Master,1,6,1,0,0,3,0,1,0
335,343,0,2,male,28.0,0,0,13.0,,S,0,1,0,Mr,1,4,1,0,0,1,1,0,0
336,344,0,2,male,25.0,0,0,13.0,,S,0,1,0,Mr,1,4,1,0,0,1,1,0,0
337,345,0,2,male,36.0,0,0,13.0,,S,0,1,0,Mr,1,4,1,0,0,1,1,0,0
338,346,1,2,female,24.0,0,0,13.0,F33,S,0,1,0,Miss,0,6,1,0,0,1,1,0,0
339,347,1,2,female,40.0,0,0,13.0,,S,0,1,0,Miss,0,5,1,0,0,1,1,0,0
340,348,1,3,female,28.0,1,0,16.1,,S,0,0,1,Mrs,0,6,1,0,0,2,0,0,0
341,349,1,3,male,3.0,1,1,15.9,,S,0,0,1,Master,1,6,1,0,0,3,0,1,0
342,350,0,3,male,42.0,0,0,8.6625,,S,0,0,1,Mr,1,6,1,0,0,1,1,0,0
343,351,0,3,male,23.0,0,0,9.225,,S,0,0,1,Mr,1,6,1,0,0,1,1,0,0
344,352,0,1,male,31.0,0,0,35.0,C128,S,1,0,0,Mr,1,3,1,0,0,1,1,0,0
345,353,0,3,male,15.0,1,1,7.2292,,C,0,0,1,Mr,1,6,0,0,1,3,0,1,0
346,354,0,3,male,25.0,1,0,17.8,,S,0,0,1,Mr,1,6,1,0,0,2,0,0,0
347,355,0,3,male,31.0,0,0,7.225,,C,0,0,1,Mr,1,6,0,0,1,1,1,0,0
348,356,0,3,male,28.0,0,0,9.5,,S,0,0,1,Mr,1,6,1,0,0,1,1,0,0
349,357,1,1,female,22.0,0,1,55.0,E33,S,1,0,0,Miss,0,5,1,0,0,2,0,0,0
350,358,0,2,female,38.0,0,0,13.0,,S,0,1,0,Miss,0,5,1,0,0,1,1,0,0
351,359,1,3,female,28.0,0,0,7.8792,,Q,0,0,1,Miss,0,6,0,1,0,1,1,0,0
352,360,1,3,female,28.0,0,0,7.8792,,Q,0,0,1,Miss,0,6,0,1,0,1,1,0,0
353,361,0,3,male,40.0,1,4,27.9,,S,0,0,1,Mr,1,7,1,0,0,6,0,0,0
354,362,0,2,male,29.0,1,0,27.7208,,C,0,1,0,Mr,1,5,0,0,1,2,0,0,0
355,363,0,3,female,45.0,0,1,14.4542,,C,0,0,1,Mrs,0,6,0,0,1,2,0,0,0
356,364,0,3,male,35.0,0,0,7.05,,S,0,0,1,Mr,1,6,1,0,0,1,1,0,0
357,365,0,3,male,31.0,1,0,15.5,,Q,0,0,1,Mr,1,6,0,1,0,2,0,0,0
358,366,0,3,male,30.0,0,0,7.25,,S,0,0,1,Mr,1,6,1,0,0,1,1,0,0
359,367,1,1,female,60.0,1,0,75.25,D37,C,1,0,0,Mrs,0,4,0,0,1,2,0,0,1
360,368,1,3,female,28.0,0,0,7.2292,,C,0,0,1,Mrs,0,6,0,0,1,1,1,0,0
361,369,1,3,female,28.0,0,0,7.75,,Q,0,0,1,Miss,0,6,0,1,0,1,1,0,0
362,370,1,1,female,24.0,0,0,69.3,B35,C,1,0,0,Mrs,0,2,0,0,1,1,1,0,0
363,371,1,1,male,25.0,1,0,55.4417,E50,C,1,0,0,Mr,1,5,0,0,1,2,0,0,0
364,372,0,3,male,18.0,1,0,6.4958,,S,0,0,1,Mr,1,6,1,0,0,2,0,0,0
365,373,0,3,male,19.0,0,0,8.05,,S,0,0,1,Mr,1,6,1,0,0,1,1,0,0
366,374,0,1,male,22.0,0,0,135.6333,,C,1,0,0,Mr,1,2,0,0,1,1,1,0,0
367,375,0,3,female,3.0,3,1,21.075,,S,0,0,1,Miss,0,7,1,0,0,5,0,1,0
368,376,1,1,female,28.0,1,0,82.1708,,C,1,0,0,Mrs,0,3,0,0,1,2,0,0,0
369,377,1,3,female,22.0,0,0,7.25,,S,0,0,1,Miss,0,6,1,0,0,1,1,0,0
370,379,0,3,male,20.0,0,0,4.0125,,C,0,0,1,Mr,1,6,0,0,1,1,1,0,0
371,380,0,3,male,19.0,0,0,7.775,,S,0,0,1,Mr,1,6,1,0,0,1,1,0,0
372,382,1,3,female,1.0,0,2,15.7417,,C,0,0,1,Miss,0,6,0,0,1,3,0,1,0
373,383,0,3,male,32.0,0,0,7.925,,S,0,0,1,Mr,1,6,1,0,0,1,1,0,0
374,384,1,1,female,35.0,1,0,52.0,,S,1,0,0,Mrs,0,4,1,0,0,2,0,0,0
375,385,0,3,male,31.0,0,0,7.8958,,S,0,0,1,Mr,1,6,1,0,0,1,1,0,0
376,386,0,2,male,18.0,0,0,73.5,,S,0,1,0,Mr,1,4,1,0,0,1,1,0,0
377,387,0,3,male,1.0,5,2,46.9,,S,0,0,1,Master,1,8,1,0,0,8,0,1,0
378,388,1,2,female,36.0,0,0,13.0,,S,0,1,0,Miss,0,5,1,0,0,1,1,0,0
379,389,0,3,male,31.0,0,0,7.7292,,Q,0,0,1,Mr,1,6,0,1,0,1,1,0,0
380,390,1,2,female,17.0,0,0,12.0,,C,0,1,0,Miss,0,5,0,0,1,1,1,0,0
381,391,1,1,male,36.0,1,2,120.0,B96 B98,S,1,0,0,Mr,1,2,1,0,0,4,0,0,0
382,392,1,3,male,21.0,0,0,7.7958,,S,0,0,1,Mr,1,6,1,0,0,1,1,0,0
383,393,0,3,male,28.0,2,0,7.925,,S,0,0,1,Mr,1,7,1,0,0,3,0,0,0
384,394,1,1,female,23.0,1,0,113.275,D36,C,1,0,0,Miss,0,4,0,0,1,2,0,0,0
385,395,1,3,female,24.0,0,2,16.7,G6,S,0,0,1,Mrs,0,7,1,0,0,3,0,0,0
386,396,0,3,male,22.0,0,0,7.7958,,S,0,0,1,Mr,1,6,1,0,0,1,1,0,0
387,397,0,3,female,31.0,0,0,7.8542,,S,0,0,1,Miss,0,6,1,0,0,1,1,0,0
388,398,0,2,male,46.0,0,0,26.0,,S,0,1,0,Mr,1,4,1,0,0,1,1,0,0
389,399,0,2,male,23.0,0,0,10.5,,S,0,1,0,Dr,1,5,1,0,0,1,1,0,0
390,400,1,2,female,28.0,0,0,12.65,,S,0,1,0,Mrs,0,5,1,0,0,1,1,0,0
391,401,1,3,male,39.0,0,0,7.925,,S,0,0,1,Mr,1,6,1,0,0,1,1,0,0
392,402,0,3,male,26.0,0,0,8.05,,S,0,0,1,Mr,1,6,1,0,0,1,1,0,0
393,403,0,3,female,21.0,1,0,9.825,,S,0,0,1,Miss,0,6,1,0,0,2,0,0,0
394,404,0,3,male,28.0,1,0,15.85,,S,0,0,1,Mr,1,6,1,0,0,2,0,0,0
395,405,0,3,female,20.0,0,0,8.6625,,S,0,0,1,Miss,0,6,1,0,0,1,1,0,0
396,406,0,2,male,34.0,1,0,21.0,,S,0,1,0,Mr,1,5,1,0,0,2,0,0,0
397,407,0,3,male,51.0,0,0,7.75,,S,0,0,1,Mr,1,6,1,0,0,1,1,0,1
398,408,1,2,male,3.0,1,1,18.75,,S,0,1,0,Master,1,5,1,0,0,3,0,1,0
399,409,0,3,male,21.0,0,0,7.775,,S,0,0,1,Mr,1,6,1,0,0,1,1,0,0
400,410,0,3,female,28.0,3,1,25.4667,,S,0,0,1,Miss,0,7,1,0,0,5,0,0,0
401,411,0,3,male,31.0,0,0,7.8958,,S,0,0,1,Mr,1,6,1,0,0,1,1,0,0
402,412,0,3,male,31.0,0,0,6.8583,,Q,0,0,1,Mr,1,6,0,1,0,1,1,0,0
403,413,1,1,female,33.0,1,0,90.0,C78,Q,1,0,0,Miss,0,3,0,1,0,2,0,0,0
404,414,0,2,male,31.0,0,0,0.0,,S,0,1,0,Mr,1,5,1,0,0,1,1,0,0
405,415,1,3,male,44.0,0,0,7.925,,S,0,0,1,Mr,1,6,1,0,0,1,1,0,0
406,416,0,3,female,28.0,0,0,8.05,,S,0,0,1,Mrs,0,6,1,0,0,1,1,0,0
407,417,1,2,female,34.0,1,1,32.5,,S,0,1,0,Mrs,0,5,1,0,0,3,0,0,0
408,418,1,2,female,18.0,0,2,13.0,,S,0,1,0,Miss,0,5,1,0,0,3,0,0,0
409,419,0,2,male,30.0,0,0,13.0,,S,0,1,0,Mr,1,4,1,0,0,1,1,0,0
410,420,0,3,female,10.0,0,2,24.15,,S,0,0,1,Miss,0,6,1,0,0,3,0,1,0
411,421,0,3,male,31.0,0,0,7.8958,,C,0,0,1,Mr,1,6,0,0,1,1,1,0,0
412,422,0,3,male,21.0,0,0,7.7333,,Q,0,0,1,Mr,1,6,0,1,0,1,1,0,0
413,423,0,3,male,29.0,0,0,7.875,,S,0,0,1,Mr,1,6,1,0,0,1,1,0,0
414,424,0,3,female,28.0,1,1,14.4,,S,0,0,1,Mrs,0,7,1,0,0,3,0,0,0
415,425,0,3,male,18.0,1,1,20.2125,,S,0,0,1,Mr,1,6,1,0,0,3,0,0,0
416,426,0,3,male,31.0,0,0,7.25,,S,0,0,1,Mr,1,6,1,0,0,1,1,0,0
417,427,1,2,female,28.0,1,0,26.0,,S,0,1,0,Mrs,0,5,1,0,0,2,0,0,0
418,428,1,2,female,19.0,0,0,26.0,,S,0,1,0,Miss,0,5,1,0,0,1,1,0,0
419,429,0,3,male,31.0,0,0,7.75,,Q,0,0,1,Mr,1,6,0,1,0,1,1,0,0
420,430,1,3,male,32.0,0,0,8.05,E10,S,0,0,1,Mr,1,5,1,0,0,1,1,0,0
421,431,1,1,male,28.0,0,0,26.55,C52,S,1,0,0,Mr,1,3,1,0,0,1,1,0,0
422,432,1,3,female,28.0,1,0,16.1,,S,0,0,1,Mrs,0,6,1,0,0,2,0,0,0
423,433,1,2,female,42.0,1,0,26.0,,S,0,1,0,Mrs,0,5,1,0,0,2,0,0,0
424,434,0,3,male,17.0,0,0,7.125,,S,0,0,1,Mr,1,6,1,0,0,1,1,0,0
425,435,0,1,male,50.0,1,0,55.9,E44,S,1,0,0,Mr,1,5,1,0,0,2,0,0,1
426,436,1,1,female,14.0,1,2,120.0,B96 B98,S,1,0,0,Miss,0,2,1,0,0,4,0,1,0
427,437,0,3,female,21.0,2,2,34.375,,S,0,0,1,Miss,0,7,1,0,0,5,0,0,0
428,438,1,2,female,24.0,2,3,18.75,,S,0,1,0,Mrs,0,6,1,0,0,6,0,0,0
429,440,0,2,male,31.0,0,0,10.5,,S,0,1,0,Mr,1,5,1,0,0,1,1,0,0
430,441,1,2,female,45.0,1,1,26.25,,S,0,1,0,Mrs,0,5,1,0,0,3,0,0,0
431,442,0,3,male,20.0,0,0,9.5,,S,0,0,1,Mr,1,6,1,0,0,1,1,0,0
432,443,0,3,male,25.0,1,0,7.775,,S,0,0,1,Mr,1,6,1,0,0,2,0,0,0
433,444,1,2,female,28.0,0,0,13.0,,S,0,1,0,Miss,0,5,1,0,0,1,1,0,0
434,445,1,3,male,31.0,0,0,8.1125,,S,0,0,1,Mr,1,6,1,0,0,1,1,0,0
435,446,1,1,male,4.0,0,2,81.8583,A34,S,1,0,0,Master,1,1,1,0,0,3,0,1,0
436,447,1,2,female,13.0,0,1,19.5,,S,0,1,0,Miss,0,5,1,0,0,2,0,1,0
437,448,1,1,male,34.0,0,0,26.55,,S,1,0,0,Mr,1,3,1,0,0,1,1,0,0
438,449,1,3,female,5.0,2,1,19.2583,,C,0,0,1,Miss,0,7,0,0,1,4,0,1,0
439,450,1,1,male,52.0,0,0,30.5,C104,S,1,0,0,Mr,1,3,1,0,0,1,1,0,1
440,451,0,2,male,36.0,1,2,27.75,,S,0,1,0,Mr,1,5,1,0,0,4,0,0,0
441,452,0,3,male,31.0,1,0,19.9667,,S,0,0,1,Mr,1,6,1,0,0,2,0,0,0
442,453,0,1,male,30.0,0,0,27.75,C111,C,1,0,0,Mr,1,3,0,0,1,1,1,0,0
443,454,1,1,male,49.0,1,0,89.1042,C92,C,1,0,0,Mr,1,3,0,0,1,2,0,0,0
444,455,0,3,male,31.0,0,0,8.05,,S,0,0,1,Mr,1,6,1,0,0,1,1,0,0
445,456,1,3,male,29.0,0,0,7.8958,,C,0,0,1,Mr,1,6,0,0,1,1,1,0,0
446,457,0,1,male,65.0,0,0,26.55,E38,S,1,0,0,Mr,1,5,1,0,0,1,1,0,1
447,458,1,1,female,28.0,1,0,51.8625,D21,S,1,0,0,Mrs,0,4,1,0,0,2,0,0,0
448,459,1,2,female,50.0,0,0,10.5,,S,0,1,0,Miss,0,5,1,0,0,1,1,0,1
449,460,0,3,male,31.0,0,0,7.75,,Q,0,0,1,Mr,1,6,0,1,0,1,1,0,0
450,461,1,1,male,48.0,0,0,26.55,E12,S,1,0,0,Mr,1,5,1,0,0,1,1,0,0
451,462,0,3,male,34.0,0,0,8.05,,S,0,0,1,Mr,1,6,1,0,0,1,1,0,0
452,463,0,1,male,47.0,0,0,38.5,E63,S,1,0,0,Mr,1,5,1,0,0,1,1,0,0
453,464,0,2,male,48.0,0,0,13.0,,S,0,1,0,Mr,1,4,1,0,0,1,1,0,0
454,465,0,3,male,31.0,0,0,8.05,,S,0,0,1,Mr,1,6,1,0,0,1,1,0,0
455,466,0,3,male,38.0,0,0,7.05,,S,0,0,1,Mr,1,6,1,0,0,1,1,0,0
456,467,0,2,male,31.0,0,0,0.0,,S,0,1,0,Mr,1,5,1,0,0,1,1,0,0
457,468,0,1,male,56.0,0,0,26.55,,S,1,0,0,Mr,1,3,1,0,0,1,1,0,1
458,469,0,3,male,31.0,0,0,7.725,,Q,0,0,1,Mr,1,6,0,1,0,1,1,0,0
459,470,1,3,female,0.75,2,1,19.2583,,C,0,0,1,Miss,0,7,0,0,1,4,0,1,0
460,471,0,3,male,31.0,0,0,7.25,,S,0,0,1,Mr,1,6,1,0,0,1,1,0,0
461,472,0,3,male,38.0,0,0,8.6625,,S,0,0,1,Mr,1,6,1,0,0,1,1,0,0
462,473,1,2,female,33.0,1,2,27.75,,S,0,1,0,Mrs,0,5,1,0,0,4,0,0,0
463,474,1,2,female,23.0,0,0,13.7917,D,C,0,1,0,Mrs,0,4,0,0,1,1,1,0,0
464,475,0,3,female,22.0,0,0,9.8375,,S,0,0,1,Miss,0,6,1,0,0,1,1,0,0
465,476,0,1,male,31.0,0,0,52.0,A14,S,1,0,0,Mr,1,1,1,0,0,1,1,0,0
466,477,0,2,male,34.0,1,0,21.0,,S,0,1,0,Mr,1,5,1,0,0,2,0,0,0
467,478,0,3,male,29.0,1,0,7.0458,,S,0,0,1,Mr,1,6,1,0,0,2,0,0,0
468,479,0,3,male,22.0,0,0,7.5208,,S,0,0,1,Mr,1,6,1,0,0,1,1,0,0
469,480,1,3,female,2.0,0,1,12.2875,,S,0,0,1,Miss,0,6,1,0,0,2,0,1,0
470,481,0,3,male,9.0,5,2,46.9,,S,0,0,1,Master,1,8,1,0,0,8,0,1,0
471,482,0,2,male,31.0,0,0,0.0,,S,0,1,0,Mr,1,5,1,0,0,1,1,0,0
472,483,0,3,male,50.0,0,0,8.05,,S,0,0,1,Mr,1,6,1,0,0,1,1,0,1
473,484,1,3,female,63.0,0,0,9.5875,,S,0,0,1,Mrs,0,6,1,0,0,1,1,0,1
474,485,1,1,male,25.0,1,0,91.0792,B49,C,1,0,0,Mr,1,2,0,0,1,2,0,0,0
475,486,0,3,female,28.0,3,1,25.4667,,S,0,0,1,Miss,0,7,1,0,0,5,0,0,0
476,487,1,1,female,35.0,1,0,90.0,C93,S,1,0,0,Mrs,0,3,1,0,0,2,0,0,0
477,488,0,1,male,58.0,0,0,29.7,B37,C,1,0,0,Mr,1,2,0,0,1,1,1,0,1
478,489,0,3,male,30.0,0,0,8.05,,S,0,0,1,Mr,1,6,1,0,0,1,1,0,0
479,490,1,3,male,9.0,1,1,15.9,,S,0,0,1,Master,1,6,1,0,0,3,0,1,0
480,491,0,3,male,31.0,1,0,19.9667,,S,0,0,1,Mr,1,6,1,0,0,2,0,0,0
481,492,0,3,male,21.0,0,0,7.25,,S,0,0,1,Mr,1,6,1,0,0,1,1,0,0
482,493,0,1,male,55.0,0,0,30.5,C30,S,1,0,0,Mr,1,3,1,0,0,1,1,0,1
483,494,0,1,male,71.0,0,0,49.5042,,C,1,0,0,Mr,1,3,0,0,1,1,1,0,1
484,495,0,3,male,21.0,0,0,8.05,,S,0,0,1,Mr,1,6,1,0,0,1,1,0,0
485,496,0,3,male,31.0,0,0,14.4583,,C,0,0,1,Mr,1,6,0,0,1,1,1,0,0
486,497,1,1,female,54.0,1,0,78.2667,D20,C,1,0,0,Miss,0,4,0,0,1,2,0,0,1
487,498,0,3,male,31.0,0,0,15.1,,S,0,0,1,Mr,1,6,1,0,0,1,1,0,0
488,499,0,1,female,25.0,1,2,151.55,C22 C26,S,1,0,0,Mrs,0,3,1,0,0,4,0,0,0
489,500,0,3,male,24.0,0,0,7.7958,,S,0,0,1,Mr,1,6,1,0,0,1,1,0,0
490,501,0,3,male,17.0,0,0,8.6625,,S,0,0,1,Mr,1,6,1,0,0,1,1,0,0
491,502,0,3,female,21.0,0,0,7.75,,Q,0,0,1,Miss,0,6,0,1,0,1,1,0,0
492,503,0,3,female,28.0,0,0,7.6292,,Q,0,0,1,Miss,0,6,0,1,0,1,1,0,0
493,504,0,3,female,37.0,0,0,9.5875,,S,0,0,1,Miss,0,6,1,0,0,1,1,0,0
494,505,1,1,female,16.0,0,0,86.5,B79,S,1,0,0,Miss,0,2,1,0,0,1,1,1,0
495,506,0,1,male,18.0,1,0,108.9,C65,C,1,0,0,Mr,1,3,0,0,1,2,0,0,0
496,507,1,2,female,33.0,0,2,26.0,,S,0,1,0,Mrs,0,5,1,0,0,3,0,0,0
497,508,1,1,male,31.0,0,0,26.55,,S,1,0,0,Mr,1,3,1,0,0,1,1,0,0
498,509,0,3,male,28.0,0,0,22.525,,S,0,0,1,Mr,1,6,1,0,0,1,1,0,0
499,510,1,3,male,26.0,0,0,56.4958,,S,0,0,1,Mr,1,6,1,0,0,1,1,0,0
500,511,1,3,male,29.0,0,0,7.75,,Q,0,0,1,Mr,1,6,0,1,0,1,1,0,0
501,512,0,3,male,31.0,0,0,8.05,,S,0,0,1,Mr,1,6,1,0,0,1,1,0,0
502,513,1,1,male,36.0,0,0,26.2875,E25,S,1,0,0,Mr,1,5,1,0,0,1,1,0,0
503,514,1,1,female,54.0,1,0,59.4,,C,1,0,0,Mrs,0,3,0,0,1,2,0,0,1
504,515,0,3,male,24.0,0,0,7.4958,,S,0,0,1,Mr,1,6,1,0,0,1,1,0,0
505,516,0,1,male,47.0,0,0,34.0208,D46,S,1,0,0,Mr,1,4,1,0,0,1,1,0,0
506,517,1,2,female,34.0,0,0,10.5,F33,S,0,1,0,Mrs,0,6,1,0,0,1,1,0,0
507,518,0,3,male,31.0,0,0,24.15,,Q,0,0,1,Mr,1,6,0,1,0,1,1,0,0
508,519,1,2,female,36.0,1,0,26.0,,S,0,1,0,Mrs,0,5,1,0,0,2,0,0,0
509,520,0,3,male,32.0,0,0,7.8958,,S,0,0,1,Mr,1,6,1,0,0,1,1,0,0
510,521,1,1,female,30.0,0,0,93.5,B73,S,1,0,0,Miss,0,2,1,0,0,1,1,0,0
511,522,0,3,male,22.0,0,0,7.8958,,S,0,0,1,Mr,1,6,1,0,0,1,1,0,0
512,523,0,3,male,31.0,0,0,7.225,,C,0,0,1,Mr,1,6,0,0,1,1,1,0,0
513,524,1,1,female,44.0,0,1,57.9792,B18,C,1,0,0,Mrs,0,2,0,0,1,2,0,0,0
514,525,0,3,male,31.0,0,0,7.2292,,C,0,0,1,Mr,1,6,0,0,1,1,1,0,0
515,526,0,3,male,40.5,0,0,7.75,,Q,0,0,1,Mr,1,6,0,1,0,1,1,0,0
516,527,1,2,female,50.0,0,0,10.5,,S,0,1,0,Miss,0,5,1,0,0,1,1,0,1
517,529,0,3,male,39.0,0,0,7.925,,S,0,0,1,Mr,1,6,1,0,0,1,1,0,0
518,530,0,2,male,23.0,2,1,11.5,,S,0,1,0,Mr,1,5,1,0,0,4,0,0,0
519,531,1,2,female,2.0,1,1,26.0,,S,0,1,0,Miss,0,5,1,0,0,3,0,1,0
520,532,0,3,male,31.0,0,0,7.2292,,C,0,0,1,Mr,1,6,0,0,1,1,1,0,0
521,533,0,3,male,17.0,1,1,7.2292,,C,0,0,1,Mr,1,6,0,0,1,3,0,0,0
522,534,1,3,female,28.0,0,2,22.3583,,C,0,0,1,Mrs,0,6,0,0,1,3,0,0,0
523,535,0,3,female,30.0,0,0,8.6625,,S,0,0,1,Miss,0,6,1,0,0,1,1,0,0
524,536,1,2,female,7.0,0,2,26.25,,S,0,1,0,Miss,0,5,1,0,0,3,0,1,0
525,537,0,1,male,45.0,0,0,26.55,B38,S,1,0,0,Mr,1,2,1,0,0,1,1,0,0
526,538,1,1,female,30.0,0,0,106.425,,C,1,0,0,Miss,0,3,0,0,1,1,1,0,0
527,539,0,3,male,31.0,0,0,14.5,,S,0,0,1,Mr,1,6,1,0,0,1,1,0,0
528,540,1,1,female,22.0,0,2,49.5,B39,C,1,0,0,Miss,0,2,0,0,1,3,0,0,0
529,541,1,1,female,36.0,0,2,71.0,B22,S,1,0,0,Miss,0,2,1,0,0,3,0,0,0
530,542,0,3,female,9.0,4,2,31.275,,S,0,0,1,Miss,0,8,1,0,0,7,0,1,0
531,543,0,3,female,11.0,4,2,31.275,,S,0,0,1,Miss,0,8,1,0,0,7,0,1,0
532,544,1,2,male,32.0,1,0,26.0,,S,0,1,0,Mr,1,5,1,0,0,2,0,0,0
533,545,0,1,male,50.0,1,0,106.425,C86,C,1,0,0,Mr,1,3,0,0,1,2,0,0,1
534,546,0,1,male,64.0,0,0,26.0,,S,1,0,0,Mr,1,3,1,0,0,1,1,0,1
535,547,1,2,female,19.0,1,0,26.0,,S,0,1,0,Mrs,0,5,1,0,0,2,0,0,0
536,548,1,2,male,31.0,0,0,13.8625,,C,0,1,0,Mr,1,4,0,0,1,1,1,0,0
537,549,0,3,male,33.0,1,1,20.525,,S,0,0,1,Mr,1,6,1,0,0,3,0,0,0
538,550,1,2,male,8.0,1,1,36.75,,S,0,1,0,Master,1,5,1,0,0,3,0,1,0
539,551,1,1,male,17.0,0,2,110.8833,C70,C,1,0,0,Mr,1,3,0,0,1,3,0,0,0
540,552,0,2,male,27.0,0,0,26.0,,S,0,1,0,Mr,1,4,1,0,0,1,1,0,0
541,553,0,3,male,31.0,0,0,7.8292,,Q,0,0,1,Mr,1,6,0,1,0,1,1,0,0
542,554,1,3,male,22.0,0,0,7.225,,C,0,0,1,Mr,1,6,0,0,1,1,1,0,0
543,555,1,3,female,22.0,0,0,7.775,,S,0,0,1,Miss,0,6,1,0,0,1,1,0,0
544,556,0,1,male,62.0,0,0,26.55,,S,1,0,0,Mr,1,3,1,0,0,1,1,0,1
545,557,1,1,female,48.0,1,0,39.6,A16,C,1,0,0,Mrs,0,1,0,0,1,2,0,0,0
546,559,1,1,female,39.0,1,1,79.65,E67,S,1,0,0,Mrs,0,5,1,0,0,3,0,0,0
547,560,1,3,female,36.0,1,0,17.4,,S,0,0,1,Mrs,0,6,1,0,0,2,0,0,0
548,561,0,3,male,31.0,0,0,7.75,,Q,0,0,1,Mr,1,6,0,1,0,1,1,0,0
549,562,0,3,male,40.0,0,0,7.8958,,S,0,0,1,Mr,1,6,1,0,0,1,1,0,0
550,563,0,2,male,28.0,0,0,13.5,,S,0,1,0,Mr,1,4,1,0,0,1,1,0,0
551,564,0,3,male,31.0,0,0,8.05,,S,0,0,1,Mr,1,6,1,0,0,1,1,0,0
552,565,0,3,female,28.0,0,0,8.05,,S,0,0,1,Miss,0,6,1,0,0,1,1,0,0
553,566,0,3,male,24.0,2,0,24.15,,S,0,0,1,Mr,1,7,1,0,0,3,0,0,0
554,567,0,3,male,19.0,0,0,7.8958,,S,0,0,1,Mr,1,6,1,0,0,1,1,0,0
555,568,0,3,female,29.0,0,4,21.075,,S,0,0,1,Mrs,0,7,1,0,0,5,0,0,0
556,569,0,3,male,31.0,0,0,7.2292,,C,0,0,1,Mr,1,6,0,0,1,1,1,0,0
557,570,1,3,male,32.0,0,0,7.8542,,S,0,0,1,Mr,1,6,1,0,0,1,1,0,0
558,571,1,2,male,62.0,0,0,10.5,,S,0,1,0,Mr,1,4,1,0,0,1,1,0,1
559,572,1,1,female,53.0,2,0,51.4792,C101,S,1,0,0,Mrs,0,3,1,0,0,3,0,0,1
560,573,1,1,male,36.0,0,0,26.3875,E25,S,1,0,0,Mr,1,5,1,0,0,1,1,0,0
561,574,1,3,female,28.0,0,0,7.75,,Q,0,0,1,Miss,0,6,0,1,0,1,1,0,0
562,575,0,3,male,16.0,0,0,8.05,,S,0,0,1,Mr,1,6,1,0,0,1,1,1,0
563,576,0,3,male,19.0,0,0,14.5,,S,0,0,1,Mr,1,6,1,0,0,1,1,0,0
564,577,1,2,female,34.0,0,0,13.0,,S,0,1,0,Miss,0,5,1,0,0,1,1,0,0
565,578,1,1,female,39.0,1,0,55.9,E44,S,1,0,0,Mrs,0,5,1,0,0,2,0,0,0
566,579,0,3,female,28.0,1,0,14.4583,,C,0,0,1,Mrs,0,6,0,0,1,2,0,0,0
567,580,1,3,male,32.0,0,0,7.925,,S,0,0,1,Mr,1,6,1,0,0,1,1,0,0
568,581,1,2,female,25.0,1,1,30.0,,S,0,1,0,Miss,0,5,1,0,0,3,0,0,0
569,582,1,1,female,39.0,1,1,110.8833,C68,C,1,0,0,Mrs,0,3,0,0,1,3,0,0,0
570,583,0,2,male,54.0,0,0,26.0,,S,0,1,0,Mr,1,4,1,0,0,1,1,0,1
571,584,0,1,male,36.0,0,0,40.125,A10,C,1,0,0,Mr,1,1,0,0,1,1,1,0,0
572,585,0,3,male,31.0,0,0,8.7125,,C,0,0,1,Mr,1,6,0,0,1,1,1,0,0
573,586,1,1,female,18.0,0,2,79.65,E68,S,1,0,0,Miss,0,5,1,0,0,3,0,0,0
574,587,0,2,male,47.0,0,0,15.0,,S,0,1,0,Mr,1,4,1,0,0,1,1,0,0
575,588,1,1,male,60.0,1,1,79.2,B41,C,1,0,0,Mr,1,2,0,0,1,3,0,0,1
576,589,0,3,male,22.0,0,0,8.05,,S,0,0,1,Mr,1,6,1,0,0,1,1,0,0
577,590,0,3,male,31.0,0,0,8.05,,S,0,0,1,Mr,1,6,1,0,0,1,1,0,0
578,591,0,3,male,35.0,0,0,7.125,,S,0,0,1,Mr,1,6,1,0,0,1,1,0,0
579,592,1,1,female,52.0,1,0,78.2667,D20,C,1,0,0,Mrs,0,4,0,0,1,2,0,0,1
580,593,0,3,male,47.0,0,0,7.25,,S,0,0,1,Mr,1,6,1,0,0,1,1,0,0
581,594,0,3,female,28.0,0,2,7.75,,Q,0,0,1,Miss,0,6,0,1,0,3,0,0,0
582,595,0,2,male,37.0,1,0,26.0,,S,0,1,0,Mr,1,5,1,0,0,2,0,0,0
583,596,0,3,male,36.0,1,1,24.15,,S,0,0,1,Mr,1,6,1,0,0,3,0,0,0
584,597,1,2,female,28.0,0,0,33.0,,S,0,1,0,Miss,0,5,1,0,0,1,1,0,0
585,598,0,3,male,49.0,0,0,0.0,,S,0,0,1,Mr,1,6,1,0,0,1,1,0,0
586,599,0,3,male,31.0,0,0,7.225,,C,0,0,1,Mr,1,6,0,0,1,1,1,0,0
587,600,1,1,male,49.0,1,0,56.9292,A20,C,1,0,0,Mr,1,1,0,0,1,2,0,0,0
588,601,1,2,female,24.0,2,1,27.0,,S,0,1,0,Mrs,0,6,1,0,0,4,0,0,0
589,602,0,3,male,31.0,0,0,7.8958,,S,0,0,1,Mr,1,6,1,0,0,1,1,0,0
590,603,0,1,male,31.0,0,0,42.4,,S,1,0,0,Mr,1,3,1,0,0,1,1,0,0
591,604,0,3,male,44.0,0,0,8.05,,S,0,0,1,Mr,1,6,1,0,0,1,1,0,0
592,605,1,1,male,35.0,0,0,26.55,,C,1,0,0,Mr,1,3,0,0,1,1,1,0,0
593,606,0,3,male,36.0,1,0,15.55,,S,0,0,1,Mr,1,6,1,0,0,2,0,0,0
594,607,0,3,male,30.0,0,0,7.8958,,S,0,0,1,Mr,1,6,1,0,0,1,1,0,0
595,608,1,1,male,27.0,0,0,30.5,,S,1,0,0,Mr,1,3,1,0,0,1,1,0,0
596,609,1,2,female,22.0,1,2,41.5792,,C,0,1,0,Mrs,0,5,0,0,1,4,0,0,0
597,610,1,1,female,40.0,0,0,153.4625,C125,S,1,0,0,Miss,0,3,1,0,0,1,1,0,0
598,611,0,3,female,39.0,1,5,31.275,,S,0,0,1,Mrs,0,7,1,0,0,7,0,0,0
599,612,0,3,male,31.0,0,0,7.05,,S,0,0,1,Mr,1,6,1,0,0,1,1,0,0
600,613,1,3,female,28.0,1,0,15.5,,Q,0,0,1,Miss,0,6,0,1,0,2,0,0,0
601,614,0,3,male,31.0,0,0,7.75,,Q,0,0,1,Mr,1,6,0,1,0,1,1,0,0
602,615,0,3,male,35.0,0,0,8.05,,S,0,0,1,Mr,1,6,1,0,0,1,1,0,0
603,616,1,2,female,24.0,1,2,65.0,,S,0,1,0,Miss,0,5,1,0,0,4,0,0,0
604,617,0,3,male,34.0,1,1,14.4,,S,0,0,1,Mr,1,6,1,0,0,3,0,0,0
605,618,0,3,female,26.0,1,0,16.1,,S,0,0,1,Mrs,0,6,1,0,0,2,0,0,0
606,619,1,2,female,4.0,2,1,39.0,F4,S,0,1,0,Miss,0,6,1,0,0,4,0,1,0
607,620,0,2,male,26.0,0,0,10.5,,S,0,1,0,Mr,1,5,1,0,0,1,1,0,0
608,621,0,3,male,27.0,1,0,14.4542,,C,0,0,1,Mr,1,6,0,0,1,2,0,0,0
609,622,1,1,male,42.0,1,0,52.5542,D19,S,1,0,0,Mr,1,4,1,0,0,2,0,0,0
610,623,1,3,male,20.0,1,1,15.7417,,C,0,0,1,Mr,1,6,0,0,1,3,0,0,0
611,624,0,3,male,21.0,0,0,7.8542,,S,0,0,1,Mr,1,6,1,0,0,1,1,0,0
612,625,0,3,male,21.0,0,0,16.1,,S,0,0,1,Mr,1,6,1,0,0,1,1,0,0
613,626,0,1,male,61.0,0,0,32.3208,D50,S,1,0,0,Mr,1,4,1,0,0,1,1,0,1
614,627,0,2,male,57.0,0,0,12.35,,Q,0,1,0,Rev,1,4,0,1,0,1,1,0,1
615,628,1,1,female,21.0,0,0,77.9583,D9,S,1,0,0,Miss,0,4,1,0,0,1,1,0,0
616,629,0,3,male,26.0,0,0,7.8958,,S,0,0,1,Mr,1,6,1,0,0,1,1,0,0
617,630,0,3,male,31.0,0,0,7.7333,,Q,0,0,1,Mr,1,6,0,1,0,1,1,0,0
618,631,1,1,male,80.0,0,0,30.0,A23,S,1,0,0,Mr,1,1,1,0,0,1,1,0,1
619,632,0,3,male,51.0,0,0,7.0542,,S,0,0,1,Mr,1,6,1,0,0,1,1,0,1
620,633,1,1,male,32.0,0,0,30.5,B50,C,1,0,0,Dr,1,2,0,0,1,1,1,0,0
621,634,0,1,male,31.0,0,0,0.0,,S,1,0,0,Mr,1,3,1,0,0,1,1,0,0
622,635,0,3,female,9.0,3,2,27.9,,S,0,0,1,Miss,0,7,1,0,0,6,0,1,0
623,636,1,2,female,28.0,0,0,13.0,,S,0,1,0,Miss,0,5,1,0,0,1,1,0,0
624,637,0,3,male,32.0,0,0,7.925,,S,0,0,1,Mr,1,6,1,0,0,1,1,0,0
625,638,0,2,male,31.0,1,1,26.25,,S,0,1,0,Mr,1,5,1,0,0,3,0,0,0
626,639,0,3,female,41.0,0,5,39.6875,,S,0,0,1,Mrs,0,7,1,0,0,6,0,0,0
627,640,0,3,male,31.0,1,0,16.1,,S,0,0,1,Mr,1,6,1,0,0,2,0,0,0
628,641,0,3,male,20.0,0,0,7.8542,,S,0,0,1,Mr,1,6,1,0,0,1,1,0,0
629,642,1,1,female,24.0,0,0,69.3,B35,C,1,0,0,Miss,0,2,0,0,1,1,1,0,0
630,643,0,3,female,2.0,3,2,27.9,,S,0,0,1,Miss,0,7,1,0,0,6,0,1,0
631,644,1,3,male,31.0,0,0,56.4958,,S,0,0,1,Mr,1,6,1,0,0,1,1,0,0
632,645,1,3,female,0.75,2,1,19.2583,,C,0,0,1,Miss,0,7,0,0,1,4,0,1,0
633,646,1,1,male,48.0,1,0,76.7292,D33,C,1,0,0,Mr,1,4,0,0,1,2,0,0,0
634,647,0,3,male,19.0,0,0,7.8958,,S,0,0,1,Mr,1,6,1,0,0,1,1,0,0
635,648,1,1,male,56.0,0,0,35.5,A26,C,1,0,0,Mr,1,1,0,0,1,1,1,0,1
636,649,0,3,male,31.0,0,0,7.55,,S,0,0,1,Mr,1,6,1,0,0,1,1,0,0
637,650,1,3,female,23.0,0,0,7.55,,S,0,0,1,Miss,0,6,1,0,0,1,1,0,0
638,651,0,3,male,31.0,0,0,7.8958,,S,0,0,1,Mr,1,6,1,0,0,1,1,0,0
639,652,1,2,female,18.0,0,1,23.0,,S,0,1,0,Miss,0,5,1,0,0,2,0,0,0
640,653,0,3,male,21.0,0,0,8.4333,,S,0,0,1,Mr,1,6,1,0,0,1,1,0,0
641,654,1,3,female,28.0,0,0,7.8292,,Q,0,0,1,Miss,0,6,0,1,0,1,1,0,0
642,655,0,3,female,18.0,0,0,6.75,,Q,0,0,1,Miss,0,6,0,1,0,1,1,0,0
643,656,0,2,male,24.0,2,0,73.5,,S,0,1,0,Mr,1,5,1,0,0,3,0,0,0
644,657,0,3,male,31.0,0,0,7.8958,,S,0,0,1,Mr,1,6,1,0,0,1,1,0,0
645,658,0,3,female,32.0,1,1,15.5,,Q,0,0,1,Mrs,0,7,0,1,0,3,0,0,0
646,659,0,2,male,23.0,0,0,13.0,,S,0,1,0,Mr,1,4,1,0,0,1,1,0,0
647,660,0,1,male,58.0,0,2,113.275,D48,C,1,0,0,Mr,1,4,0,0,1,3,0,0,1
648,661,1,1,male,50.0,2,0,133.65,,S,1,0,0,Dr,1,3,1,0,0,3,0,0,1
649,662,0,3,male,40.0,0,0,7.225,,C,0,0,1,Mr,1,6,0,0,1,1,1,0,0
650,663,0,1,male,47.0,0,0,25.5875,E58,S,1,0,0,Mr,1,5,1,0,0,1,1,0,0
651,664,0,3,male,36.0,0,0,7.4958,,S,0,0,1,Mr,1,6,1,0,0,1,1,0,0
652,665,1,3,male,20.0,1,0,7.925,,S,0,0,1,Mr,1,6,1,0,0,2,0,0,0
653,666,0,2,male,32.0,2,0,73.5,,S,0,1,0,Mr,1,5,1,0,0,3,0,0,0
654,667,0,2,male,25.0,0,0,13.0,,S,0,1,0,Mr,1,4,1,0,0,1,1,0,0
655,668,0,3,male,31.0,0,0,7.775,,S,0,0,1,Mr,1,6,1,0,0,1,1,0,0
656,669,0,3,male,43.0,0,0,8.05,,S,0,0,1,Mr,1,6,1,0,0,1,1,0,0
657,670,1,1,female,28.0,1,0,52.0,C126,S,1,0,0,Mrs,0,3,1,0,0,2,0,0,0
658,671,1,2,female,40.0,1,1,39.0,,S,0,1,0,Mrs,0,5,1,0,0,3,0,0,0
659,672,0,1,male,31.0,1,0,52.0,B71,S,1,0,0,Mr,1,2,1,0,0,2,0,0,0
660,673,0,2,male,70.0,0,0,10.5,,S,0,1,0,Mr,1,4,1,0,0,1,1,0,1
661,674,1,2,male,31.0,0,0,13.0,,S,0,1,0,Mr,1,4,1,0,0,1,1,0,0
662,675,0,2,male,31.0,0,0,0.0,,S,0,1,0,Mr,1,5,1,0,0,1,1,0,0
663,676,0,3,male,18.0,0,0,7.775,,S,0,0,1,Mr,1,6,1,0,0,1,1,0,0
664,677,0,3,male,24.5,0,0,8.05,,S,0,0,1,Mr,1,6,1,0,0,1,1,0,0
665,678,1,3,female,18.0,0,0,9.8417,,S,0,0,1,Miss,0,6,1,0,0,1,1,0,0
666,679,0,3,female,43.0,1,6,46.9,,S,0,0,1,Mrs,0,7,1,0,0,8,0,0,0
667,681,0,3,female,28.0,0,0,8.1375,,Q,0,0,1,Miss,0,6,0,1,0,1,1,0,0
668,682,1,1,male,27.0,0,0,76.7292,D49,C,1,0,0,Mr,1,4,0,0,1,1,1,0,0
669,683,0,3,male,20.0,0,0,9.225,,S,0,0,1,Mr,1,6,1,0,0,1,1,0,0
670,684,0,3,male,14.0,5,2,46.9,,S,0,0,1,Mr,1,8,1,0,0,8,0,1,0
671,685,0,2,male,60.0,1,1,39.0,,S,0,1,0,Mr,1,5,1,0,0,3,0,0,1
672,686,0,2,male,25.0,1,2,41.5792,,C,0,1,0,Mr,1,5,0,0,1,4,0,0,0
673,687,0,3,male,14.0,4,1,39.6875,,S,0,0,1,Mr,1,7,1,0,0,6,0,1,0
674,688,0,3,male,19.0,0,0,10.1708,,S,0,0,1,Mr,1,6,1,0,0,1,1,0,0
675,689,0,3,male,18.0,0,0,7.7958,,S,0,0,1,Mr,1,6,1,0,0,1,1,0,0
676,691,1,1,male,31.0,1,0,57.0,B20,S,1,0,0,Mr,1,2,1,0,0,2,0,0,0
677,692,1,3,female,4.0,0,1,13.4167,,C,0,0,1,Miss,0,6,0,0,1,2,0,1,0
678,693,1,3,male,31.0,0,0,56.4958,,S,0,0,1,Mr,1,6,1,0,0,1,1,0,0
679,694,0,3,male,25.0,0,0,7.225,,C,0,0,1,Mr,1,6,0,0,1,1,1,0,0
680,695,0,1,male,60.0,0,0,26.55,,S,1,0,0,Mr,1,3,1,0,0,1,1,0,1
681,696,0,2,male,52.0,0,0,13.5,,S,0,1,0,Mr,1,4,1,0,0,1,1,0,1
682,697,0,3,male,44.0,0,0,8.05,,S,0,0,1,Mr,1,6,1,0,0,1,1,0,0
683,698,1,3,female,28.0,0,0,7.7333,,Q,0,0,1,Miss,0,6,0,1,0,1,1,0,0
684,699,0,1,male,49.0,1,1,110.8833,C68,C,1,0,0,Mr,1,3,0,0,1,3,0,0,0
685,700,0,3,male,42.0,0,0,7.65,F G63,S,0,0,1,Mr,1,6,1,0,0,1,1,0,0
686,702,1,1,male,35.0,0,0,26.2875,E24,S,1,0,0,Mr,1,5,1,0,0,1,1,0,0
687,703,0,3,female,18.0,0,1,14.4542,,C,0,0,1,Miss,0,6,0,0,1,2,0,0,0
688,704,0,3,male,25.0,0,0,7.7417,,Q,0,0,1,Mr,1,6,0,1,0,1,1,0,0
689,705,0,3,male,26.0,1,0,7.8542,,S,0,0,1,Mr,1,6,1,0,0,2,0,0,0
690,706,0,2,male,39.0,0,0,26.0,,S,0,1,0,Mr,1,4,1,0,0,1,1,0,0
691,707,1,2,female,45.0,0,0,13.5,,S,0,1,0,Mrs,0,5,1,0,0,1,1,0,0
692,708,1,1,male,42.0,0,0,26.2875,E24,S,1,0,0,Mr,1,5,1,0,0,1,1,0,0
693,709,1,1,female,22.0,0,0,151.55,,S,1,0,0,Miss,0,3,1,0,0,1,1,0,0
694,710,1,3,male,31.0,1,1,15.2458,,C,0,0,1,Master,1,6,0,0,1,3,0,0,0
695,711,1,1,female,24.0,0,0,49.5042,C90,C,1,0,0,Miss,0,3,0,0,1,1,1,0,0
696,712,0,1,male,31.0,0,0,26.55,C124,S,1,0,0,Mr,1,3,1,0,0,1,1,0,0
697,713,1,1,male,48.0,1,0,52.0,C126,S,1,0,0,Mr,1,3,1,0,0,2,0,0,0
698,714,0,3,male,29.0,0,0,9.4833,,S,0,0,1,Mr,1,6,1,0,0,1,1,0,0
699,715,0,2,male,52.0,0,0,13.0,,S,0,1,0,Mr,1,4,1,0,0,1,1,0,1
700,716,0,3,male,19.0,0,0,7.65,F G73,S,0,0,1,Mr,1,6,1,0,0,1,1,0,0
701,718,1,2,female,27.0,0,0,10.5,E101,S,0,1,0,Miss,0,5,1,0,0,1,1,0,0
702,719,0,3,male,31.0,0,0,15.5,,Q,0,0,1,Mr,1,6,0,1,0,1,1,0,0
703,720,0,3,male,33.0,0,0,7.775,,S,0,0,1,Mr,1,6,1,0,0,1,1,0,0
704,721,1,2,female,6.0,0,1,33.0,,S,0,1,0,Miss,0,5,1,0,0,2,0,1,0
705,722,0,3,male,17.0,1,0,7.0542,,S,0,0,1,Mr,1,6,1,0,0,2,0,0,0
706,723,0,2,male,34.0,0,0,13.0,,S,0,1,0,Mr,1,4,1,0,0,1,1,0,0
707,724,0,2,male,50.0,0,0,13.0,,S,0,1,0,Mr,1,4,1,0,0,1,1,0,1
708,725,1,1,male,27.0,1,0,53.1,E8,S,1,0,0,Mr,1,5,1,0,0,2,0,0,0
709,726,0,3,male,20.0,0,0,8.6625,,S,0,0,1,Mr,1,6,1,0,0,1,1,0,0
710,727,1,2,female,30.0,3,0,21.0,,S,0,1,0,Mrs,0,6,1,0,0,4,0,0,0
711,728,1,3,female,28.0,0,0,7.7375,,Q,0,0,1,Miss,0,6,0,1,0,1,1,0,0
712,729,0,2,male,25.0,1,0,26.0,,S,0,1,0,Mr,1,5,1,0,0,2,0,0,0
713,730,0,3,female,25.0,1,0,7.925,,S,0,0,1,Miss,0,6,1,0,0,2,0,0,0
714,732,0,3,male,11.0,0,0,18.7875,,C,0,0,1,Mr,1,6,0,0,1,1,1,1,0
715,733,0,2,male,31.0,0,0,0.0,,S,0,1,0,Mr,1,5,1,0,0,1,1,0,0
716,734,0,2,male,23.0,0,0,13.0,,S,0,1,0,Mr,1,4,1,0,0,1,1,0,0
717,735,0,2,male,23.0,0,0,13.0,,S,0,1,0,Mr,1,4,1,0,0,1,1,0,0
718,736,0,3,male,28.5,0,0,16.1,,S,0,0,1,Mr,1,6,1,0,0,1,1,0,0
719,737,0,3,female,48.0,1,3,34.375,,S,0,0,1,Mrs,0,7,1,0,0,5,0,0,0
720,739,0,3,male,31.0,0,0,7.8958,,S,0,0,1,Mr,1,6,1,0,0,1,1,0,0
721,740,0,3,male,31.0,0,0,7.8958,,S,0,0,1,Mr,1,6,1,0,0,1,1,0,0
722,741,1,1,male,31.0,0,0,30.0,D45,S,1,0,0,Mr,1,4,1,0,0,1,1,0,0
723,742,0,1,male,36.0,1,0,78.85,C46,S,1,0,0,Mr,1,3,1,0,0,2,0,0,0
724,744,0,3,male,24.0,1,0,16.1,,S,0,0,1,Mr,1,6,1,0,0,2,0,0,0
725,745,1,3,male,31.0,0,0,7.925,,S,0,0,1,Mr,1,6,1,0,0,1,1,0,0
726,746,0,1,male,70.0,1,1,71.0,B22,S,1,0,0,Capt,1,2,1,0,0,3,0,0,1
727,747,0,3,male,16.0,1,1,20.25,,S,0,0,1,Mr,1,6,1,0,0,3,0,1,0
728,748,1,2,female,30.0,0,0,13.0,,S,0,1,0,Miss,0,5,1,0,0,1,1,0,0
729,749,0,1,male,19.0,1,0,53.1,D30,S,1,0,0,Mr,1,4,1,0,0,2,0,0,0
730,750,0,3,male,31.0,0,0,7.75,,Q,0,0,1,Mr,1,6,0,1,0,1,1,0,0
731,751,1,2,female,4.0,1,1,23.0,,S,0,1,0,Miss,0,5,1,0,0,3,0,1,0
732,752,1,3,male,6.0,0,1,12.475,E121,S,0,0,1,Master,1,5,1,0,0,2,0,1,0
733,753,0,3,male,33.0,0,0,9.5,,S,0,0,1,Mr,1,6,1,0,0,1,1,0,0
734,754,0,3,male,23.0,0,0,7.8958,,S,0,0,1,Mr,1,6,1,0,0,1,1,0,0
735,755,1,2,female,48.0,1,2,65.0,,S,0,1,0,Mrs,0,5,1,0,0,4,0,0,0
736,756,1,2,male,0.67,1,1,14.5,,S,0,1,0,Master,1,5,1,0,0,3,0,1,0
737,757,0,3,male,28.0,0,0,7.7958,,S,0,0,1,Mr,1,6,1,0,0,1,1,0,0
738,758,0,2,male,18.0,0,0,11.5,,S,0,1,0,Mr,1,5,1,0,0,1,1,0,0
739,759,0,3,male,34.0,0,0,8.05,,S,0,0,1,Mr,1,6,1,0,0,1,1,0,0
740,760,1,1,female,33.0,0,0,86.5,B77,S,1,0,0,Miss,0,2,1,0,0,1,1,0,0
741,761,0,3,male,31.0,0,0,14.5,,S,0,0,1,Mr,1,6,1,0,0,1,1,0,0
742,762,0,3,male,41.0,0,0,7.125,,S,0,0,1,Mr,1,6,1,0,0,1,1,0,0
743,763,1,3,male,20.0,0,0,7.2292,,C,0,0,1,Mr,1,6,0,0,1,1,1,0,0
744,764,1,1,female,36.0,1,2,120.0,B96 B98,S,1,0,0,Mrs,0,2,1,0,0,4,0,0,0
745,765,0,3,male,16.0,0,0,7.775,,S,0,0,1,Mr,1,6,1,0,0,1,1,1,0
746,766,1,1,female,51.0,1,0,77.9583,D11,S,1,0,0,Mrs,0,4,1,0,0,2,0,0,1
747,767,0,1,male,31.0,0,0,39.6,,C,1,0,0,Dr,1,3,0,0,1,1,1,0,0
748,768,0,3,female,30.5,0,0,7.75,,Q,0,0,1,Miss,0,6,0,1,0,1,1,0,0
749,769,0,3,male,31.0,1,0,24.15,,Q,0,0,1,Mr,1,6,0,1,0,2,0,0,0
750,770,0,3,male,32.0,0,0,8.3625,,S,0,0,1,Mr,1,6,1,0,0,1,1,0,0
751,771,0,3,male,24.0,0,0,9.5,,S,0,0,1,Mr,1,6,1,0,0,1,1,0,0
752,772,0,3,male,48.0,0,0,7.8542,,S,0,0,1,Mr,1,6,1,0,0,1,1,0,0
753,773,0,2,female,57.0,0,0,10.5,E77,S,0,1,0,Mrs,0,5,1,0,0,1,1,0,1
754,774,0,3,male,31.0,0,0,7.225,,C,0,0,1,Mr,1,6,0,0,1,1,1,0,0
755,775,1,2,female,54.0,1,3,23.0,,S,0,1,0,Mrs,0,5,1,0,0,5,0,0,1
756,776,0,3,male,18.0,0,0,7.75,,S,0,0,1,Mr,1,6,1,0,0,1,1,0,0
757,777,0,3,male,31.0,0,0,7.75,F38,Q,0,0,1,Mr,1,6,0,1,0,1,1,0,0
758,778,1,3,female,5.0,0,0,12.475,,S,0,0,1,Miss,0,6,1,0,0,1,1,1,0
759,779,0,3,male,31.0,0,0,7.7375,,Q,0,0,1,Mr,1,6,0,1,0,1,1,0,0
760,781,1,3,female,13.0,0,0,7.2292,,C,0,0,1,Miss,0,6,0,0,1,1,1,1,0
761,782,1,1,female,17.0,1,0,57.0,B20,S,1,0,0,Mrs,0,2,1,0,0,2,0,0,0
762,783,0,1,male,29.0,0,0,30.0,D6,S,1,0,0,Mr,1,4,1,0,0,1,1,0,0
763,784,0,3,male,31.0,1,2,23.45,,S,0,0,1,Mr,1,6,1,0,0,4,0,0,0
764,785,0,3,male,25.0,0,0,7.05,,S,0,0,1,Mr,1,6,1,0,0,1,1,0,0
765,786,0,3,male,25.0,0,0,7.25,,S,0,0,1,Mr,1,6,1,0,0,1,1,0,0
766,787,1,3,female,18.0,0,0,7.4958,,S,0,0,1,Miss,0,6,1,0,0,1,1,0,0
767,788,0,3,male,8.0,4,1,29.125,,Q,0,0,1,Master,1,7,0,1,0,6,0,1,0
768,789,1,3,male,1.0,1,2,20.575,,S,0,0,1,Master,1,6,1,0,0,4,0,1,0
769,790,0,1,male,46.0,0,0,79.2,B82 B84,C,1,0,0,Mr,1,2,0,0,1,1,1,0,0
770,791,0,3,male,31.0,0,0,7.75,,Q,0,0,1,Mr,1,6,0,1,0,1,1,0,0
771,792,0,2,male,16.0,0,0,26.0,,S,0,1,0,Mr,1,4,1,0,0,1,1,1,0
772,793,0,3,female,28.0,8,2,69.55,,S,0,0,1,Miss,0,8,1,0,0,11,0,0,0
773,794,0,1,male,31.0,0,0,30.6958,,C,1,0,0,Mr,1,3,0,0,1,1,1,0,0
774,795,0,3,male,25.0,0,0,7.8958,,S,0,0,1,Mr,1,6,1,0,0,1,1,0,0
775,796,0,2,male,39.0,0,0,13.0,,S,0,1,0,Mr,1,4,1,0,0,1,1,0,0
776,797,1,1,female,49.0,0,0,25.9292,D17,S,1,0,0,Dr,0,4,1,0,0,1,1,0,0
777,798,1,3,female,31.0,0,0,8.6833,,S,0,0,1,Mrs,0,6,1,0,0,1,1,0,0
778,799,0,3,male,30.0,0,0,7.2292,,C,0,0,1,Mr,1,6,0,0,1,1,1,0,0
779,800,0,3,female,30.0,1,1,24.15,,S,0,0,1,Mrs,0,7,1,0,0,3,0,0,0
780,801,0,2,male,34.0,0,0,13.0,,S,0,1,0,Mr,1,4,1,0,0,1,1,0,0
781,802,1,2,female,31.0,1,1,26.25,,S,0,1,0,Mrs,0,5,1,0,0,3,0,0,0
782,803,1,1,male,11.0,1,2,120.0,B96 B98,S,1,0,0,Master,1,2,1,0,0,4,0,1,0
783,804,1,3,male,0.42,0,1,8.5167,,C,0,0,1,Master,1,6,0,0,1,2,0,1,0
784,805,1,3,male,27.0,0,0,6.975,,S,0,0,1,Mr,1,6,1,0,0,1,1,0,0
785,806,0,3,male,31.0,0,0,7.775,,S,0,0,1,Mr,1,6,1,0,0,1,1,0,0
786,807,0,1,male,39.0,0,0,0.0,A36,S,1,0,0,Mr,1,1,1,0,0,1,1,0,0
787,808,0,3,female,18.0,0,0,7.775,,S,0,0,1,Miss,0,6,1,0,0,1,1,0,0
788,809,0,2,male,39.0,0,0,13.0,,S,0,1,0,Mr,1,4,1,0,0,1,1,0,0
789,810,1,1,female,33.0,1,0,53.1,E8,S,1,0,0,Mrs,0,5,1,0,0,2,0,0,0
790,811,0,3,male,26.0,0,0,7.8875,,S,0,0,1,Mr,1,6,1,0,0,1,1,0,0
791,812,0,3,male,39.0,0,0,24.15,,S,0,0,1,Mr,1,6,1,0,0,1,1,0,0
792,813,0,2,male,35.0,0,0,10.5,,S,0,1,0,Mr,1,5,1,0,0,1,1,0,0
793,814,0,3,female,6.0,4,2,31.275,,S,0,0,1,Miss,0,8,1,0,0,7,0,1,0
794,815,0,3,male,30.5,0,0,8.05,,S,0,0,1,Mr,1,6,1,0,0,1,1,0,0
795,816,0,1,male,31.0,0,0,0.0,B102,S,1,0,0,Mr,1,2,1,0,0,1,1,0,0
796,817,0,3,female,23.0,0,0,7.925,,S,0,0,1,Miss,0,6,1,0,0,1,1,0,0
797,818,0,2,male,31.0,1,1,37.0042,,C,0,1,0,Mr,1,5,0,0,1,3,0,0,0
798,819,0,3,male,43.0,0,0,6.45,,S,0,0,1,Mr,1,6,1,0,0,1,1,0,0
799,820,0,3,male,10.0,3,2,27.9,,S,0,0,1,Master,1,7,1,0,0,6,0,1,0
800,821,1,1,female,52.0,1,1,93.5,B69,S,1,0,0,Mrs,0,2,1,0,0,3,0,0,1
801,822,1,3,male,27.0,0,0,8.6625,,S,0,0,1,Mr,1,6,1,0,0,1,1,0,0
802,823,0,1,male,38.0,0,0,0.0,,S,1,0,0,Mr,1,3,1,0,0,1,1,0,0
803,824,1,3,female,27.0,0,1,12.475,E121,S,0,0,1,Mrs,0,5,1,0,0,2,0,0,0
804,825,0,3,male,2.0,4,1,39.6875,,S,0,0,1,Master,1,7,1,0,0,6,0,1,0
805,826,0,3,male,31.0,0,0,6.95,,Q,0,0,1,Mr,1,6,0,1,0,1,1,0,0
806,827,0,3,male,31.0,0,0,56.4958,,S,0,0,1,Mr,1,6,1,0,0,1,1,0,0
807,828,1,2,male,1.0,0,2,37.0042,,C,0,1,0,Master,1,5,0,0,1,3,0,1,0
808,829,1,3,male,31.0,0,0,7.75,,Q,0,0,1,Mr,1,6,0,1,0,1,1,0,0
809,830,1,1,female,62.0,0,0,80.0,B28,S,1,0,0,Mrs,0,2,1,0,0,1,1,0,1
810,831,1,3,female,15.0,1,0,14.4542,,C,0,0,1,Mrs,0,6,0,0,1,2,0,1,0
811,832,1,2,male,0.83,1,1,18.75,,S,0,1,0,Master,1,5,1,0,0,3,0,1,0
812,833,0,3,male,31.0,0,0,7.2292,,C,0,0,1,Mr,1,6,0,0,1,1,1,0,0
813,834,0,3,male,23.0,0,0,7.8542,,S,0,0,1,Mr,1,6,1,0,0,1,1,0,0
814,835,0,3,male,18.0,0,0,8.3,,S,0,0,1,Mr,1,6,1,0,0,1,1,0,0
815,836,1,1,female,39.0,1,1,83.1583,E49,C,1,0,0,Miss,0,5,0,0,1,3,0,0,0
816,837,0,3,male,21.0,0,0,8.6625,,S,0,0,1,Mr,1,6,1,0,0,1,1,0,0
817,838,0,3,male,31.0,0,0,8.05,,S,0,0,1,Mr,1,6,1,0,0,1,1,0,0
818,839,1,3,male,32.0,0,0,56.4958,,S,0,0,1,Mr,1,6,1,0,0,1,1,0,0
819,840,1,1,male,31.0,0,0,29.7,C47,C,1,0,0,Mr,1,3,0,0,1,1,1,0,0
820,841,0,3,male,20.0,0,0,7.925,,S,0,0,1,Mr,1,6,1,0,0,1,1,0,0
821,842,0,2,male,16.0,0,0,10.5,,S,0,1,0,Mr,1,5,1,0,0,1,1,1,0
822,843,1,1,female,30.0,0,0,31.0,,C,1,0,0,Miss,0,3,0,0,1,1,1,0,0
823,844,0,3,male,34.5,0,0,6.4375,,C,0,0,1,Mr,1,6,0,0,1,1,1,0,0
824,845,0,3,male,17.0,0,0,8.6625,,S,0,0,1,Mr,1,6,1,0,0,1,1,0,0
825,846,0,3,male,42.0,0,0,7.55,,S,0,0,1,Mr,1,6,1,0,0,1,1,0,0
826,847,0,3,male,31.0,8,2,69.55,,S,0,0,1,Mr,1,8,1,0,0,11,0,0,0
827,848,0,3,male,35.0,0,0,7.8958,,C,0,0,1,Mr,1,6,0,0,1,1,1,0,0
828,849,0,2,male,28.0,0,1,33.0,,S,0,1,0,Rev,1,5,1,0,0,2,0,0,0
829,850,1,1,female,28.0,1,0,89.1042,C92,C,1,0,0,Mrs,0,3,0,0,1,2,0,0,0
830,851,0,3,male,4.0,4,2,31.275,,S,0,0,1,Master,1,7,1,0,0,7,0,1,0
831,852,0,3,male,74.0,0,0,7.775,,S,0,0,1,Mr,1,6,1,0,0,1,1,0,1
832,853,0,3,female,9.0,1,1,15.2458,,C,0,0,1,Miss,0,7,0,0,1,3,0,1,0
833,854,1,1,female,16.0,0,1,39.4,D28,S,1,0,0,Miss,0,4,1,0,0,2,0,1,0
834,855,0,2,female,44.0,1,0,26.0,,S,0,1,0,Mrs,0,5,1,0,0,2,0,0,0
835,856,1,3,female,18.0,0,1,9.35,,S,0,0,1,Mrs,0,6,1,0,0,2,0,0,0
836,857,1,1,female,45.0,1,1,164.8667,,S,1,0,0,Mrs,0,3,1,0,0,3,0,0,0
837,858,1,1,male,51.0,0,0,26.55,E17,S,1,0,0,Mr,1,5,1,0,0,1,1,0,1
838,859,1,3,female,24.0,0,3,19.2583,,C,0,0,1,Mrs,0,6,0,0,1,4,0,0,0
839,860,0,3,male,31.0,0,0,7.2292,,C,0,0,1,Mr,1,6,0,0,1,1,1,0,0
840,861,0,3,male,41.0,2,0,14.1083,,S,0,0,1,Mr,1,7,1,0,0,3,0,0,0
841,862,0,2,male,21.0,1,0,11.5,,S,0,1,0,Mr,1,5,1,0,0,2,0,0,0
842,863,1,1,female,48.0,0,0,25.9292,D17,S,1,0,0,Mrs,0,4,1,0,0,1,1,0,0
843,864,0,3,female,28.0,8,2,69.55,,S,0,0,1,Miss,0,8,1,0,0,11,0,0,0
844,865,0,2,male,24.0,0,0,13.0,,S,0,1,0,Mr,1,4,1,0,0,1,1,0,0
845,866,1,2,female,42.0,0,0,13.0,,S,0,1,0,Mrs,0,5,1,0,0,1,1,0,0
846,867,1,2,female,27.0,1,0,13.8583,,C,0,1,0,Miss,0,5,0,0,1,2,0,0,0
847,868,0,1,male,31.0,0,0,50.4958,A24,S,1,0,0,Mr,1,1,1,0,0,1,1,0,0
848,869,0,3,male,31.0,0,0,9.5,,S,0,0,1,Mr,1,6,1,0,0,1,1,0,0
849,870,1,3,male,4.0,1,1,11.1333,,S,0,0,1,Master,1,6,1,0,0,3,0,1,0
850,871,0,3,male,26.0,0,0,7.8958,,S,0,0,1,Mr,1,6,1,0,0,1,1,0,0
851,872,1,1,female,47.0,1,1,52.5542,D35,S,1,0,0,Mrs,0,4,1,0,0,3,0,0,0
852,873,0,1,male,33.0,0,0,5.0,B51 B53 B55,S,1,0,0,Mr,1,2,1,0,0,1,1,0,0
853,874,0,3,male,47.0,0,0,9.0,,S,0,0,1,Mr,1,6,1,0,0,1,1,0,0
854,875,1,2,female,28.0,1,0,24.0,,C,0,1,0,Mrs,0,5,0,0,1,2,0,0,0
855,876,1,3,female,15.0,0,0,7.225,,C,0,0,1,Miss,0,6,0,0,1,1,1,1,0
856,877,0,3,male,20.0,0,0,9.8458,,S,0,0,1,Mr,1,6,1,0,0,1,1,0,0
857,878,0,3,male,19.0,0,0,7.8958,,S,0,0,1,Mr,1,6,1,0,0,1,1,0,0
858,879,0,3,male,31.0,0,0,7.8958,,S,0,0,1,Mr,1,6,1,0,0,1,1,0,0
859,880,1,1,female,56.0,0,1,83.1583,C50,C,1,0,0,Mrs,0,3,0,0,1,2,0,0,1
860,881,1,2,female,25.0,0,1,26.0,,S,0,1,0,Mrs,0,5,1,0,0,2,0,0,0
861,882,0,3,male,33.0,0,0,7.8958,,S,0,0,1,Mr,1,6,1,0,0,1,1,0,0
862,883,0,3,female,22.0,0,0,10.5167,,S,0,0,1,Miss,0,6,1,0,0,1,1,0,0
863,884,0,2,male,28.0,0,0,10.5,,S,0,1,0,Mr,1,5,1,0,0,1,1,0,0
864,885,0,3,male,25.0,0,0,7.05,,S,0,0,1,Mr,1,6,1,0,0,1,1,0,0
865,886,0,3,female,39.0,0,5,29.125,,Q,0,0,1,Mrs,0,7,0,1,0,6,0,0,0
866,887,0,2,male,27.0,0,0,13.0,,S,0,1,0,Rev,1,4,1,0,0,1,1,0,0
867,888,1,1,female,19.0,0,0,30.0,B42,S,1,0,0,Miss,0,2,1,0,0,1,1,0,0
868,889,0,3,female,28.0,1,2,23.45,,S,0,0,1,Miss,0,7,1,0,0,4,0,0,0
869,890,1,1,male,26.0,0,0,30.0,C148,C,1,0,0,Mr,1,3,0,0,1,1,1,0,0
870,891,0,3,male,32.0,0,0,7.75,,Q,0,0,1,Mr,1,6,0,1,0,1,1,0,0
